280
601
3094
4001
4829
5026
6382
6670
7914
8985
9946
10101
11998
12452
13671
14324
16193
16377
17447
18580
20340
22017
22815
22878
26007
27595
29417
29553
30069
30682
31269
31760
36253
36551
42415
45107
45319
48819
49079
49124
52841
53299
54064
55284
55611
56215
58687
61233
61607
63353
64412
66368
66870
67429
68525
70148
70334
72341
73053
73894
74406
75708
76840
77823
78974
80152
80499
82038
82715
83393
85265
87897
87966
91092
94925
94941
95255
96875
100731
102579
102846
102885
105831
107627
108112
109944
112659
114226
118640
118877
119550
121135
125357
126174
134563
137384
138011
140249
141955
145675
148087
149458
151675
153219
156041
156310
156559
157506
161479
162292
162339
166406
169838
170003
170748
171510
172023
174120
174408
174446
177725
178988
179965
180312
181275
181440
184843
185861
186113
186530
189186
189632
190057
192342
193190
196428
198385
201147
202516
202705
205256
206502
206726
207034
207139
207548
207661
209058
210513
212439
213923
217012
219095
221614
224038
224209
226082
226488
226796
226968
228234
229855
230620
231252
232151
233826
234248
235054
236023
238435
241375
242209
244073
249117
249494
250853
252672
253393
254000
256318
260826
261193
263158
263589
263679
266345
266831
268672
268723
270256
273926
274067
275246
275699
276292
276729
278008
280625
282345
284752
286019
286621
286793
287029
288677
288855
289850
293380
294206
295281
295434
297454
298576
298814
299732
299737
302745
303001
303272
303857
304147
307958
309976
310155
311297
314405
320972
322643
324085
328773
329275
331145
332163
334493
336039
339230
341254
341829
345136
345153
346276
352286
356173
359043
359494
360467
360883
362748
365479
369194
369282
372189
372661
374072
378514
379266
380105
380582
381987
383297
385621
386541
387122
388708
389578
390079
390856
391060
391429
392014
392167
394424
395417
396631
397172
398706
398822
401447
402290
403339
404406
406064
409285
410911
412409
413705
413872
414676
415756
416925
418252
418664
420269
420859
420993
421885
424631
428203
429150
429260
429417
429441
429784
430494
432420
434817
435270
438948
439938
440223
440957
441221
441598
441629
445142
445646
448350
450450
451556
454726
455829
456723
456938
456956
457745
458692
459241
459787
462829
464263
469271
469732
470345
470993
475179
476420
479896
479956
480979
483085
483470
484437
485205
490286
490606
493414
493768
493964
495081
498311
499250
499332
500254
500841
501500
503390
503555
510552
511280
511600
513259
514354
515636
516587
518618
518621
519073
521897
522535
522942
523472
527719
529141
529978
530188
531230
534088
534202
539682
540610
540873
544481
547346
547748
548471
548893
549230
552653
555134
555309
555439
557472
560581
560611
563651
566007
567301
568241
570587
575483
576824
577545
578823
579463
579855
583605
584545
586483
588347
589402
589509
589561
590720
591797
592451
593695
598442
598575
602377
604324
606341
608038
608846
611700
613189
617100
619079
620891
623733
624296
626846
627911
628258
628780
631163
631988
632138
633178
635585
636852
637068
637254
641736
641885
645143
646920
647104
647507
648830
648882
649459
650209
651702
653397
654264
654864
656072
660754
664966
665021
665797
669083
669417
670590
670633
671529
673591
674373
676284
677017
682907
683806
683876
685628
686917
687368
688637
692735
693682
694076
694345
695573
697901
703374
706389
706698
707854
710049
710974
713873
714054
714134
714693
715680
717524
720138
721747
721966
722549
725175
729883
730738
732072
736754
738467
743241
744060
745022
746160
746173
749292
752548
755051
756636
756787
756918
759937
761885
762220
764028
764079
765880
767522
767959
771363
772251
772444
774285
776300
777208
777678
782045
783034
784467
785469
788114
788186
790666
791935
792627
793227
793476
793784
796007
796172
799584
802870
802997
804078
806089
806926
809131
812671
814243
816088
816224
816492
823460
826431
827532
831871
835737
836578
837623
842560
844000
845905
847792
851101
851915
852493
852998
853962
855410
858103
858612
858861
861581
862295
863584
869437
872108
873350
873568
874311
875149
875378
875416
876390
878383
881480
881717
882383
882771
887367
892986
893885
894420
896746
898418
898788
899710
903902
904218
906244
907431
907700
908543
908861
910787
913266
915181
915434
916848
917319
918248
918529
918845
918951
925204
926590
926995
927158
927775
931153
933740
934829
935472
936178
938697
942229
942518
943403
944301
945427
947286
949004
949187
949395
953663
956482
957886
957957
959745
961103
962238
964067
965294
965587
967443
967936
969412
969727
971044
971161
971226
973088
975971
979151
979621
981877
983218
984292
985533
985780
986736
987559
987626
988734
989195
989509
990044
991844
992110
995033
996668
997757
1000083
1000505
1007268
1009928
1010932
1011136
1014239
1014757
1017753
1018686
1026606
1028390
1029443
1031596
1033090
1033460
1035172
1037250
1037813
1044038
1046969
1049127
1050649
1054165
1055839
1057308
1064045
1068851
1068967
1070826
1071517
1072086
1072296
1073502
1075073
1076117
1076263
1077441
1077733
1078719
1080357
1081520
1083607
1084916
1085581
1087430
1088081
1090720
1092758
1093903
1094962
1095237
1096883
1100211
1100554
1101668
1102571
1103566
1105111
1105727
1106327
1106468
1107229
1109117
1110029
1113802
1116423
1116505
1117110
1117567
1119190
1120448
1123394
1124893
1125003
1127325
1129716
1129733
1136924
1138017
1138343
1138401
1149341
1149900
1150594
1150806
1151612
1151644
1152232
1152258
1155512
1156973
1158273
1160956
1161402
1163969
1164006
1169144
1169577
1172437
1173508
1175287
1175886
1176545
1179175
1181470
1181648
1182433
1184502
1186183
1186409
1190233
1194869
1195798
1199878
1204244
1204680
1205129
1205647
1206155
1206279
1207063
1208234
1208374
1212236
1215266
1217016
1217698
1219008
1221982
1224254
1226439
1226627
1228469
1228538
1230425
1230781
1233323
1243388
1243731
1246759
1247676
1251002
1251193
1251469
1254148
1254149
1254396
1255165
1255765
1257171
1258691
1260520
1260608
1260622
1262067
1262983
1264959
1267277
1267542
1268986
1270041
1270549
1271027
1272014
1273218
1274103
1275372
1277359
1277423
1285028
1285674
1289300
1294340
1295540
1295683
1296535
1296799
1297237
1297419
1301321
1301491
1303449
1305306
1306965
1307401
1310898
1312036
1312672
1313374
1314715
1315439
1316194
1318403
1319668
1321577
1323981
1325751
1326373
1328779
1328848
1329809
1330621
1330670
1332704
1333345
1333520
1337533
1338353
1343161
1343394
1345740
1347911
1350600
1353771
1353898
1354724
1355671
1355918
1356199
1356830
1357352
1362991
1364466
1364967
1366813
1368140
1371539
1378104
1380505
1380568
1381636
1383251
1385176
1386682
1389583
1389991
1390999
1392328
1392372
1394279
1394656
1394850
1395099
1396005
1396776
1398382
1398626
1405538
1405970
1407393
1408331
1415526
1416710
1420045
1420165
1420490
1420700
1421663
1422661
1424966
1425222
1425961
1426741
1428476
1429060
1429246
1429381
1431897
1433756
1434241
1434707
1435180
1436647
1438987
1440843
1441251
1441968
1445017
1452112
1452973
1457099
1458828
1459306
1465830
1466618
1467603
1467731
1469521
1470324
1470330
1470673
1474121
1474615
1474996
1476065
1476567
1477287
1477873
1478931
1479509
1479654
1480694
1481922
1482289
1483264
1487410
1487646
1490094
1492436
1493095
1494775
1494809
1494895
1495654
1498569
1502312
1503475
1503883
1508088
1509512
1509811
1510764
1514345
1515604
1516425
1516807
1516988
1517502
1518023
1520246
1523457
1525320
1530126
1536891
1537281
1537415
1537973
1548981
1556737
1557729
1558752
1558851
1559585
1563212
1563589
1565656
1566027
1567406
1571807
1572103
1572188
1572707
1574944
1575371
1575467
1575928
1576352
1576397
1582311
1583038
1583529
1587344
1590441
1592426
1595549
1598210
1600104
1600248
1602373
1605631
1606592
1607161
1607977
1611386
1612004
1614477
1619006
1621005
1621030
1622398
1622672
1625640
1625929
1626617
1627862
1630244
1631677
1632282
1632598
1635149
1636154
1636867
1636958
1639767
1639886
1641002
1641097
1641436
1642762
1642891
1644590
1645741
1646445
1651673
1651755
1652658
1653079
1653811
1654517
1656957
1658589
1659085
1661996
1663995
1665566
1666280
1667065
1668506
1672451
1672472
1672712
1672982
1674043
1675191
1675942
1679506
1681170
1681319
1682911
1683967
1684004
1684896
1686940
1691397
1692646
1693211
1694021
1694406
1698089
1698525
1699290
1699325
1706620
1708075
1710878
1714175
1715502
1715964
1716404
1720768
1720988
1721451
1723744
1725948
1728942
1731882
1734749
1736184
1737100
1740883
1743517
1746420
1748042
1748811
1753366
1756554
1757420
1759205
1760329
1763008
1763950
1765459
1769069
1773126
1774419
1775898
1779173
1779358
1784415
1784860
1785189
1786036
1789650
1790874
1792060
1792706
1795001
1801693
1804129
1805039
1806965
1807075
1807831
1808846
1808972
1810184
1810324
1810918
1813850
1814882
1815751
1816214
1818001
1820955
1822811
1822962
1822969
1823038
1826071
1827784
1827932
1828756
1829227
1829860
1829960
1830505
1831307
1832108
1833561
1837023
1840323
1840381
1841203
1844257
1845187
1846089
1848035
1852133
1853454
1857134
1857550
1858370
1859817
1861803
1861914
1861965
1862801
1863019
1864569
1865430
1865553
1866140
1866500
1867106
1867714
1869704
1869802
1871210
1872281
1874077
1875429
1876063
1877083
1877836
1880258
1880399
1881261
1883950
1885246
1886155
1887514
1888143
1888450
1889395
1890197
1891143
1892869
1892894
1893353
1894083
1894715
1895911
1897411
1897929
1898273
1899314
1902076
1907603
1908066
1908202
1910296
1910714
1912762
1913423
1914398
1916326
1918346
1918868
1919327
1929431
1930757
1931228
1932143
1934311
1936160
1938469
1941751
1942328
1943577
1944836
1944870
1946857
1948139
1948602
1950886
1951429
1952314
1955909
1956362
1956550
1957590
1959386
1960774
1962564
1962731
1962811
1964290
1964561
1964897
1966715
1969171
1970550
1975024
1976715
1977301
1977919
1979290
1983733
1986459
1986943
1988707
1990133
1990802
1992263
1993495
1995529
1999866
2000799
2001192
2002724
2002873
2003777
2004139
2004181
2005570
2008675
2009214
2011564
2011811
2012345
2013127
2016174
2016622
2017066
2018341
2018831
2019963
2020689
2021487
2021501
2021591
2022284
2026453
2027401
2027789
2028350
2028572
2029830
2030420
2033498
2033607
2035276
2037918
2038488
2040231
2040603
2044488
2047149
2048622
2049424
2049825
2051963
2052339
2052531
2052614
2052861
2053251
2053598
2054350
2055026
2059793
2060401
2060946
2062367
2064654
2065642
2068908
2068949
2071175
2072788
2073437
2074380
2074839
2075793
2078092
2079361
2079892
2081861
2081924
2082122
2089058
2089851
2090519
2094500
2100680
2101961
2102971
2107549
2108302
2108707
2111545
2111857
2114481
2116996
2118083
2118212
2122433
2123876
2124312
2127904
2128747
2128916
2129794
2131876
2133611
2133702
2134436
2135091
2135114
2136103
2139100
2146230
2147055
2148750
2148994
2150078
2150159
2150266
2151027
2152973
2153042
2158732
2161110
2162818
2163199
2164187
2165044
2167425
2168584
2169570
2170923
2171260
2177798
2178732
2180828
2181466
2182641
2183009
2183249
2184247
2184824
2185757
2192836
2198682
2199749
2200628
2201602
2205208
2205259
2206844
2209093
2209849
2210109
2210233
2211659
2214884
2215821
2216284
2218716
2221255
2222777
2225230
2226574
2228423
2228757
2229573
2230132
2231731
2232042
2235055
2235250
2235618
2236842
2236986
2237297
2237419
2237810
2238218
2238776
2239167
2240375
2241326
2242944
2243747
2244563
2246018
2247320
2250341
2251116
2252787
2252962
2255290
2256765
2258538
2262408
2264131
2265445
2266061
2267194
2267598
2274627
2275872
2277388
2277667
2280421
2282906
2284532
2284771
2287621
2289028
2290473
2291813
2291872
2293563
2294378
2295450
2295946
2296956
2298321
2300790
2301346
2304492
2306412
2307638
2308101
2311254
2311339
2311453
2312004
2312156
2314743
2315849
2317010
2317505
2317717
2317791
2317813
2318161
2318413
2318807
2320735
2322471
2322587
2324433
2326470
2329787
2331042
2332855
2335441
2337323
2337670
2338467
2341039
2348637
2349032
2354790
2357429
2357576
2358778
2359278
2360336
2361581
2364482
2370832
2371789
2372371
2372448
2373623
2374476
2376122
2379223
2381284
2381706
2382604
2386859
2387139
2387840
2388344
2389369
2390076
2392379
2395022
2395311
2398841
2401613
2401883
2401897
2402392
2404280
2405489
2411887
2412027
2414668
2418009
2418390
2418468
2419818
2421718
2428218
2429556
2433159
2433679
2434536
2437930
2439950
2440198
2440597
2444334
2444650
2448738
2449003
2449922
2452996
2454681
2455191
2455585
2460340
2461931
2462258
2463569
2464841
2467613
2468045
2472111
2484136
2484809
2486024
2486767
2486912
2487352
2487406
2487797
2488493
2495625
2495968
2496812
2496945
2497237
2497535
2497824
2497989
2498534
2499024
2499434
2500815
2502478
2502761
2504099
2504883
2506633
2506674
2507302
2507933
2509538
2510540
2513243
2515314
2516518
2517476
2517553
2519765
2522952
2524361
2527085
2527736
2528111
2531214
2533507
2535162
2536563
2537695
2539537
2539576
2541269
2543605
2544878
2545588
2547320
2547934
2550476
2556902
2557327
2562041
2563714
2564022
2567549
2569843
2570754
2572551
2573786
2575296
2576173
2576675
2581020
2585047
2588015
2588170
2588427
2590292
2592793
2594941
2598114
2598285
2598975
2600295
2601551
2602000
2604267
2605239
2605572
2605682
2606159
2606800
2611348
2611702
2612282
2612310
2612315
2614391
2617488
2617663
2619334
2621723
2622305
2625673
2626538
2626672
2628174
2629296
2633268
2635690
2636226
2636620
2637872
2638774
2640139
2640391
2641285
2641351
2644994
2645018
2645771
2647809
2651579
2655480
2660908
2661778
2663730
2664330
2664746
2664862
2666252
2668547
2669767
2670803
2671064
2671140
2671892
2671902
2679842
2680185
2684120
2685612
2686611
2687962
2688076
2690179
2690194
2690394
2690843
2692287
2692305
2692782
2692832
2693272
2694596
2695845
2697179
2697430
2698225
2698727
2699076
2699225
2699663
2701347
2701567
2702959
2703011
2703121
2704507
2706023
2708123
2708778
2710345
2711553
2711598
2715566
2716408
2719422
2719927
2721099
2721433
2721747
2724450
2726007
2727376
2728475
2729651
2733806
2735271
2735803
2737986
2738814
2740871
2741980
2745547
2748505
2748927
2751224
2751740
2751846
2754250
2755190
2758323
2760953
2761952
2762903
2765035
2766127
2766853
2766916
2767622
2771388
2771677
2774175
2775978
2778661
2779171
2779258
2779271
2784190
2785205
2785919
2787251
2788428
2788927
2790708
2791452
2794745
2794773
2795065
2799594
2803393
2804007
2804918
2805918
2809297
2811504
2812226
2812505
2812793
2813054
2813943
2818518
2819187
2819321
2820200
2821118
2821277
2821445
2822844
2823846
2824268
2824323
2824781
2829289
2832123
2832738
2832743
2834434
2835336
2835666
2835721
2835958
2836442
2837465
2837622
2840127
2841609
2842431
2844702
2847608
2849137
2851208
2851717
2854387
2855335
2856434
2857768
2858400
2859645
2860616
2860667
2862248
2864808
2867607
2867822
2868530
2869021
2869364
2874382
2874588
2875492
2876096
2876598
2878821
2881192
2881953
2884770
2887313
2887904
2889346
2891701
2892416
2892500
2894257
2895273
2896231
2896795
2898828
2899293
2899893
2900765
2901056
2902456
2906105
2907762
2908554
2908569
2909255
2910579
2911001
2911832
2912623
2914963
2916036
2917326
2919517
2920126
2924270
2925172
2925779
2927303
2927385
2927497
2928218
2928742
2929782
2933854
2935041
2935912
2937665
2938910
2939034
2939425
2940601
2940931
2943410
2944299
2944856
2949400
2950169
2950683
2951301
2951527
2951566
2952957
2953326
2953794
2955362
2956309
2956584
2956968
2957519
2959251
2960336
2960706
2961715
2963298
2970141
2975457
2976043
2976720
2984747
2985162
2986835
2986942
2990343
2992391
2993501
2995594
2995649
2997090
2998760
2999409
3000352
3002226
3002358
3003078
3005475
3006448
3007323
3011086
3013714
3013892
3014383
3017013
3017177
3017627
3019019
3019384
3019538
3022244
3024831
3025757
3027403
3028588
3030390
3032460
3034686
3036671
3037411
3038476
3039050
3040402
3046874
3047828
3048061
3048401
3048648
3049305
3053063
3055690
3056044
3058231
3058469
3063347
3063463
3066101
3067607
3068317
3068478
3069582
3070008
3070914
3071044
3071240
3072323
3074249
3074561
3075751
3076873
3080590
3084851
3086532
3086848
3088264
3088372
3089082
3090559
3091873
3094346
3098011
3100703
3101394
3101955
3102806
3105393
3115636
3116448
3117309
3117568
3118496
3118706
3119082
3121570
3125399
3125409
3126723
3129076
3129910
3130404
3131199
3132133
3132856
3137579
3137860
3138270
3138517
3138752
3139298
3139961
3140290
3140345
3143093
3143244
3145857
3146018
3146461
3146626
3147950
3148921
3149976
3151120
3152050
3152718
3156406
3158450
3158467
3160052
3161788
3163493
3164003
3166347
3170962
3173510
3173753
3175122
3175338
3175536
3176484
3177574
3177884
3179163
3180820
3183588
3183951
3184922
3185399
3185667
3187588
3189351
3193501
3193988
3195234
3196051
3196365
3200435
3200634
3201601
3205594
3205879
3206043
3206445
3206639
3206928
3208026
3208888
3210821
3211929
3212135
3212975
3214068
3214683
3214797
3217669
3218053
3218283
3218797
3219517
3220656
3221535
3222420
3223253
3223647
3224313
3225130
3228595
3231658
3235209
3237407
3238658
3239406
3239761
3239990
3240495
3244223
3245955
3247122
3250536
3252473
3252844
3256436
3256596
3256624
3258590
3258737
3259670
3261169
3263536
3264860
3265162
3266119
3268662
3269405
3270009
3271333
3271669
3273073
3278797
3280217
3280578
3281850
3282023
3282255
3285109
3285679
3287504
3288217
3289493
3289959
3291675
3293669
3293819
3294710
3296307
3297140
3298827
3299761
3302358
3302556
3303458
3306583
3307740
3308240
3312208
3314250
3316128
3316551
3317914
3321681
3324846
3330715
3333216
3333645
3334185
3335195
3335481
3335564
3341766
3343704
3347892
3348363
3348884
3351473
3351913
3354404
3355038
3355248
3357803
3358111
3358623
3359411
3359513
3361775
3361816
3363033
3365139
3368156
3368207
3373009
3376159
3376247
3377245
3381651
3389306
3392045
3393355
3396264
3398984
3399535
3400113
3400483
3401279
3401776
3404451
3404561
3404747
3407580
3413058
3414641
3416296
3416393
3416989
3419676
3422420
3423305
3425929
3427555
3427765
3429511
3431710
3434117
3434982
3437112
3438475
3438542
3439530
3439983
3440900
3441984
3441990
3443044
3443383
3446327
3448018
3448076
3448388
3448394
3449577
3453726
3454803
3457094
3457927
3458910
3459891
3460922
3465989
3468500
3470744
3470894
3470904
3474971
3475275
3475331
3476089
3480064
3480225
3480674
3482860
3483199
3488654
3488807
3489354
3490178
3493445
3493607
3493973
3495227
3495868
3497940
3498567
3502061
3503281
3503339
3507569
3509342
3510454
3512694
3513418
3513949
3514377
3514476
3515657
3516007
3516018
3516821
3517142
3517894
3519074
3519129
3520316
3520656
3521567
3522648
3522986
3524467
3524774
3525112
3525424
3525785
3526358
3529158
3533029
3533125
3534623
3536569
3536826
3536890
3541849
3542132
3542791
3543742
3543744
3547032
3548566
3550898
3551103
3552808
3555107
3556352
3557882
3559073
3560169
3560889
3562510
3563843
3566001
3566368
3567855
3569232
3571634
3575022
3579631
3579863
3579890
3580278
3580573
3582422
3583852
3585108
3585496
3586399
3587763
3588685
3589109
3591681
3593560
3594093
3594464
3595410
3595427
3596380
3596429
3596920
3597787
3604377
3605080
3606165
3606215
3607108
3607588
3611550
3612723
3616723
3617443
3619741
3621731
3621891
3622971
3623443
3624176
3630453
3631427
3631885
3633864
3634074
3635895
3635971
3637638
3638052
3638358
3638550
3640371
3647424
3649788
3650864
3651041
3651590
3651914
3656288
3656492
3657267
3658075
3659617
3659770
3660429
3660617
3662443
3662773
3664889
3666433
3666745
3668628
3671331
3672339
3672535
3674857
3675303
3677739
3678370
3682101
3682806
3685316
3685828
3688044
3688307
3690002
3694496
3695282
3696059
3698146
3702903
3703305
3706374
3706732
3707473
3708169
3709424
3709484
3709778
3710527
3711335
3711796
3715040
3715911
3717802
3719122
3719130
3719713
3722686
3724169
3725012
3727233
3730583
3731252
3732394
3734110
3735626
3736328
3737286
3737752
3738700
3741715
3742364
3743111
3744014
3744319
3744637
3747046
3749094
3749618
3750192
3751196
3751490
3751742
3752579
3755559
3760627
3761031
3762208
3762799
3763065
3764788
3765769
3766792
3768314
3768746
3769216
3775946
3778581
3778584
3780385
3780609
3784736
3792537
3794392
3797191
3801009
3801424
3803400
3805314
3808956
3809392
3809509
3809839
3810888
3811808
3811924
3812369
3812505
3812867
3816281
3818061
3819496
3819711
3820911
3821180
3823385
3824348
3825561
3825621
3826084
3826633
3827508
3830411
3831196
3831753
3832816
3833161
3834379
3835632
3838732
3838777
3841113
3842972
3843014
3844493
3845552
3845885
3846389
3846670
3847141
3848227
3849922
3850306
3850462
3851150
3851438
3852715
3855753
3856736
3856752
3857118
3858978
3859620
3860055
3861250
3861754
3862907
3863074
3865033
3865262
3868291
3870069
3874285
3876761
3879256
3879817
3882953
3884171
3885139
3887190
3890717
3893690
3895111
3896462
3897209
3898894
3899293
3900314
3902115
3902727
3905200
3906071
3910186
3916398
3921707
3922979
3923411
3924327
3925833
3926112
3927651
3928972
3930396
3930937
3932903
3933310
3934927
3935209
3937204
3940999
3941014
3945538
3946388
3946974
3947037
3948418
3955724
3961221
3962572
3962764
3962984
3964620
3966095
3966795
3967262
3969388
3969494
3971363
3971573
3972676
3975237
3975512
3977607
3977973
3978619
3979192
3979511
3979611
3983066
3984413
3985545
3985919
3988787
3989260
3989745
3991929
3992687
3992869
3994472
3996053
3996639
3996680
3998640
3999695
4001558
4001754
4002031
4005777
4006186
4006617
4008914
4011425
4012100
4012274
4014704
4015149
4016436
4017949
4021366
4023815
4024102
4024284
4025834
4025873
4027633
4029629
4031512
4031926
4032291
4033354
4035725
4038654
4040197
4041223
4041941
4043634
4045533
4046698
4048801
4050917
4052025
4052716
4056602
4057910
4059061
4060515
4062608
4063476
4064365
4064764
4068806
4069414
4069655
4072900
4073253
4073486
4077160
4078419
4079465
4081026
4081263
4081675
4082566
4082923
4086569
4088182
4094470
4094870
4096806
4097440
4104122
4106002
4106064
4106315
4107571
4107937
4110399
4110691
4112025
4114462
4118235
4120685
4121682
4124979
4131189
4131360
4132364
4132481
4132491
4133091
4139576
4140218
4141232
4142183
4144117
4145888
4151386
4154221
4161523
4161790
4162459
4163553
4165038
4165825
4166347
4167722
4169950
4171486
4172046
4174185
4174294
4174573
4174904
4177058
4180006
4180263
4180332
4180565
4185001
4187340
4193553
4193717
4194831
4195384
4196155
4197968
4198338
4199860
4200057
4202708
4209284
4209705
4214876
4214991
4215184
4216971
4217445
4219627
4220060
4220090
4220717
4221188
4221488
4222110
4223239
4223996
4225207
4230038
4231978
4232860
4233464
4236542
4239173
4245745
4245900
4249725
4251271
4251402
4252554
4253484
4254747
4255402
4257253
4257302
4257552
4257767
4257970
4258228
4260825
4260955
4261922
4264666
4265339
4265733
4266804
4268520
4269326
4272653
4273418
4276313
4276876
4281050
4282570
4283332
4283971
4284214
4284851
4287966
4288961
4289218
4291160
4294581
4295451
4295552
4296611
4297307
4297690
4298790
4301022
4302315
4302466
4302644
4305985
4306048
4306583
4310249
4312387
4313140
4316027
4316633
4318283
4319238
4319382
4319831
4320078
4320215
4320331
4321273
4323891
4324637
4324970
4325902
4326015
4326157
4326770
4326881
4327518
4328159
4329089
4331095
4331233
4331608
4332171
4332445
4333171
4336266
4341103
4342368
4343004
4344041
4346662
4347806
4349747
4351699
4357383
4361286
4369821
4369980
4373042
4374129
4374566
4376785
4377502
4378044
4379695
4384112
4384476
4385813
4388624
4388747
4393381
4394098
4395103
4396389
4397741
4399406
4399830
4405318
4405864
4406166
4408661
4410197
4411709
4412434
4413878
4417305
4420566
4420763
4421575
4421814
4424666
4426488
4427047
4431476
4433538
4433715
4434662
4435918
4437712
4441935
4443875
4444057
4444116
4445331
4450085
4451742
4453104
4458106
4458816
4459374
4460955
4461560
4461771
4463737
4467501
4471326
4472623
4473013
4473906
4474006
4474872
4475109
4476673
4478391
4480048
4480355
4481963
4483189
4484025
4484889
4486323
4486759
4488666
4489530
4489870
4492488
4493640
4494444
4495176
4496627
4498175
4500793
4505273
4506207
4506333
4506429
4506923
4507141
4507725
4507784
4508498
4508939
4513451
4514798
4515256
4517042
4517550
4518508
4518931
4519832
4522795
4522813
4524125
4524963
4525769
4526473
4527487
4527707
4532703
4535453
4536365
4536840
4537614
4540341
4540413
4540486
4541769
4542918
4543589
4543744
4547277
4550752
4551719
4551733
4551994
4552002
4553040
4553408
4554450
4562378
4565383
4565791
4569190
4569230
4570206
4571095
4571654
4574608
4575344
4576826
4578237
4578970
4579011
4584404
4589482
4590106
4590133
4591561
4592497
4593799
4594335
4595703
4596698
4598548
4600641
4601086
4604234
4604413
4605552
4609862
4610070
4610393
4611027
4611968
4613865
4616191
4617361
4620938
4623518
4623994
4625497
4632011
4634481
4635273
4635908
4640536
4641708
4641969
4643044
4646985
4647514
4647558
4656370
4656981
4657714
4657975
4660023
4662329
4662836
4662906
4662967
4665635
4668688
4672399
4675526
4675950
4676709
4682276
4691518
4691607
4692436
4692458
4693240
4695321
4695976
4697514
4700025
4700776
4701322
4701818
4705188
4705435
4705496
4705592
4706124
4708979
4709224
4709994
4711702
4713660
4714383
4715403
4715880
4716778
4717072
4717430
4718967
4719587
4719948
4721321
4722343
4724089
4724162
4724973
4725472
4725681
4726678
4727988
4732147
4734414
4736054
4736303
4736946
4739893
4742383
4744670
4746001
4748643
4748915
4750070
4750102
4750937
4752425
4754047
4754345
4756100
4756540
4757020
4759007
4759164
4762608
4763795
4764591
4765225
4765709
4766718
4768055
4768989
4770776
4772255
4773161
4776806
4778233
4779246
4779822
4780317
4780666
4782210
4783992
4784463
4785769
4785915
4786772
4789671
4791014
4792398
4793108
4797578
4798637
4799832
4800112
4803909
4806020
4809107
4809823
4813676
4815296
4815476
4815776
4815961
4819052
4820908
4821741
4822735
4823879
4824197
4824221
4825174
4825295
4825351
4828292
4828428
4829236
4834307
4834763
4835260
4836598
4840477
4841383
4842927
4843080
4844730
4845311
4845461
4845630
4847166
4847715
4849353
4850601
4853311
4854981
4858704
4859423
4860347
4860916
4861993
4862881
4863841
4864041
4864268
4867207
4868283
4868542
4868709
4869564
4870916
4873458
4875822
4877649
4880225
4885007
4885024
4885803
4886935
4887710
4893155
4893745
4895771
4900604
4902107
4903363
4903788
4906728
4908864
4909972
4910185
4913270
4914741
4915736
4916844
4917797
4920663
4920879
4921989
4922028
4923352
4925900
4928028
4928538
4928748
4932144
4932748
4932848
4932855
4934727
4939079
4939258
4943467
4945515
4948669
4948902
4951205
4951529
4955018
4955409
4956874
4956976
4959155
4961117
4961212
4965565
4966571
4966619
4967785
4967947
4968488
4969435
4970461
4972585
4974046
4974354
4975322
4975479
4977561
4978448
4979908
4981740
4982964
4983034
4983520
4983801
4985092
4985565
4985994
4986331
4986512
4987037
4987493
4987640
4989448
4989576
4991161
4991825
4991873
4991949
4996539
4997529
4998469
4999160
5000503
5001598
5002054
5002357
5002922
5003128
5004326
5006490
5007276
5008016
5008894
5009193
5009293
5012631
5012682
5019470
5025114
5026112
5030108
5030314
5030537
5031618
5033474
5033524
5034503
5037648
5037816
5042279
5042914
5047253
5051908
5052710
5053428
5053904
5055277
5055317
5056960
5063433
5063983
5064267
5067078
5068618
5069286
5069388
5069437
5070720
5071187
5071321
5074935
5075200
5075444
5077399
5078758
5083405
5083866
5084098
5085604
5087154
5087566
5088328
5089958
5091141
5091332
5094599
5097469
5099219
5099373
5100146
5100301
5101879
5104805
5105741
5107257
5107624
5108122
5109185
5111582
5114975
5117974
5119881
5120591
5122093
5124627
5127476
5127774
5128419
5128600
5130940
5131056
5131469
5131659
5132646
5132827
5134622
5135859
5136432
5137026
5140826
5144356
5146326
5146442
5146514
5148219
5148223
5148503
5149098
5149443
5150462
5150757
5151269
5152703
5154050
5154760
5157334
5158054
5158538
5161070
5161107
5165168
5167521
5168232
5168451
5170136
5170640
5172372
5172637
5174701
5175213
5176513
5176636
5177246
5178259
5181226
5182239
5182395
5183192
5188070
5192672
5198796
5199959
5200384
5200732
5202409
5202758
5205098
5206059
5210655
5213403
5213870
5214854
5215797
5217529
5221516
5221594
5221653
5221753
5222467
5222469
5222984
5223004
5225591
5225766
5227398
5230842
5231886
5232994
5233096
5233294
5234987
5235464
5238180
5240351
5240373
5242609
5243905
5244769
5245288
5247707
5247992
5248527
5248733
5249096
5256879
5257795
5258046
5258240
5259411
5261396
5262106
5262838
5263240
5263654
5266525
5267397
5268203
5269586
5274317
5275056
5276370
5276576
5285330
5286511
5287084
5287670
5287815
5288019
5290309
5290764
5293264
5295046
5297378
5298321
5298513
5300826
5301203
5302246
5302297
5302646
5305773
5307634
5308562
5308780
5309003
5310088
5311834
5313134
5313689
5314013
5316437
5317185
5319044
5319384
5320247
5321837
5322434
5322683
5322742
5325294
5325613
5326635
5329732
5330525
5330584
5331037
5336042
5337259
5338302
5338865
5339250
5340165
5341647
5341815
5342896
5342916
5346011
5348963
5352213
5352360
5357999
5358850
5359471
5359670
5360848
5361489
5362425
5362617
5362813
5365525
5367519
5368136
5369350
5372497
5375243
5376166
5378044
5378205
5380633
5381823
5382190
5382969
5383785
5384132
5384452
5385641
5387055
5387169
5389148
5389167
5389981
5390409
5390921
5394448
5397356
5398223
5398728
5399502
5401564
5404224
5406416
5408278
5410230
5410347
5410957
5411314
5414100
5417173
5421334
5422267
5422640
5425088
5425810
5427983
5429372
5430555
5431461
5432826
5434874
5435189
5435923
5437173
5443426
5443457
5444591
5445175
5445240
5447210
5447710
5449816
5450376
5451113
5452907
5454194
5455326
5456242
5459304
5466440
5466499
5466917
5468402
5469123
5469288
5469986
5470751
5472470
5478984
5479129
5482096
5482244
5483613
5485800
5488807
5490186
5490590
5493759
5493979
5494199
5495580
5496099
5496439
5501280
5504067
5505089
5505272
5509889
5511772
5517083
5518767
5519412
5519500
5523176
5523243
5524107
5524318
5524513
5525522
5525881
5526818
5529861
5530520
5532201
5532868
5533019
5535765
5535918
5536259
5537030
5541043
5543740
5544381
5546951
5547012
5547241
5548179
5549036
5551935
5554652
5555697
5555907
5558155
5558339
5559371
5559557
5560548
5562096
5563104
5565975
5566301
5567666
5570161
5571725
5575954
5581552
5582352
5590084
5591363
5592828
5598009
5598126
5598548
5603905
5604385
5605131
5605321
5605517
5608296
5610937
5612269
5613648
5613969
5614508
5615352
5615393
5615562
5616399
5618498
5619626
5619787
5624408
5624947
5625226
5626786
5628343
5629895
5631032
5631911
5634315
5635765
5635890
5637832
5637948
5639561
5643235
5643862
5645209
5645372
5645616
5646010
5647165
5648050
5649487
5651755
5651888
5657490
5658355
5659213
5661172
5662306
5664901
5665356
5667624
5670913
5673009
5676788
5680838
5681256
5683921
5683966
5684173
5684178
5685702
5688291
5688686
5690457
5691109
5692546
5692827
5692946
5693239
5693925
5696738
5697571
5700371
5700929
5701736
5703421
5703742
5706414
5708685
5709019
5709135
5709503
5709721
5714252
5715698
5716867
5718232
5718602
5719512
5721251
5724209
5725560
5726545
5729267
5731886
5734420
5735195
5735385
5736111
5737329
5741034
5741689
5741881
5742691
5743719
5743966
5746077
5746889
5750210
5751212
5751511
5751818
5752303
5752913
5753846
5756412
5760027
5763069
5763393
5764519
5765349
5766050
5766488
5772047
5774069
5774819
5775470
5775986
5776109
5777011
5782264
5787343
5788459
5789399
5791519
5791807
5792623
5793223
5794047
5794255
5794808
5795509
5797593
5798060
5798331
5798719
5798908
5804259
5804918
5807679
5807717
5809086
5809878
5811410
5812406
5815715
5822539
5822553
5822840
5822851
5823607
5824299
5825998
5826525
5827177
5827363
5827492
5827661
5832728
5834665
5836411
5837569
5841619
5841862
5843767
5844189
5844198
5845711
5847451
5848651
5848782
5853927
5854576
5854657
5859186
5860012
5863799
5863821
5865213
5865463
5867197
5867968
5869086
5869411
5872032
5873234
5875062
5875861
5876021
5878989
5879407
5880035
5881007
5881009
5881741
5882120
5882172
5883353
5883542
5883963
5884776
5885050
5888663
5888824
5888920
5891040
5895991
5898539
5901458
5902005
5902351
5903962
5907956
5908902
5908963
5916946
5917283
5925983
5927824
5928473
5933797
5934499
5934856
5935501
5936358
5936873
5937192
5941055
5941617
5941914
5942704
5944357
5944414
5944779
5945776
5948139
5949661
5950007
5951209
5951462
5951480
5956179
5956721
5958062
5958928
5959376
5961226
5961705
5962588
5971363
5971706
5974378
5974810
5975735
5975757
5978542
5979531
5980806
5982703
5983677
5983875
5984189
5984539
5986885
5987492
5989217
5989317
5991341
5992020
5992174
5992987
5993677
5995968
5996147
5997227
6001295
6002517
6002771
6004730
6005936
6007306
6009171
6011337
6012180
6015418
6015487
6016738
6016891
6016993
6017727
6019882
6020832
6024818
6026306
6028352
6028472
6029397
6030025
6030026
6030879
6036492
6036682
6037232
6037259
6040994
6041469
6042659
6043944
6044682
6046168
6047988
6048748
6048895
6049077
6049311
6050888
6051745
6054309
6055376
6058098
6061433
6063694
6064144
6064789
6065412
6065601
6069402
6070675
6072074
6072339
6072586
6072990
6074120
6075045
6075696
6077175
6081707
6086530
6087679
6088721
6091336
6091939
6091987
6093460
6095563
6096110
6096121
6096331
6098870
6098876
6100505
6101192
6101724
6102237
6103301
6104574
6107011
6108106
6108251
6108636
6108906
6109005
6109640
6110244
6110423
6110900
6114903
6119787
6120611
6122227
6123443
6123592
6124241
6124949
6124991
6125351
6125493
6126805
6127139
6129227
6129937
6130053
6131679
6132864
6133711
6140241
6144488
6146492
6146808
6147052
6147354
6153675
6153891
6154433
6154578
6154817
6156369
6158220
6160242
6160632
6164371
6165685
6166790
6167602
6167706
6167719
6168151
6168186
6168433
6168492
6171688
6178883
6179637
6182654
6185246
6186728
6187066
6188250
6189677
6191420
6192593
6192993
6201992
6202065
6202959
6204301
6205721
6208204
6208430
6210472
6213079
6213536
6215240
6215694
6216482
6217665
6218246
6222119
6222877
6223102
6224351
6226999
6228361
6230575
6230589
6231366
6231829
6232052
6234016
6234961
6236252
6236940
6237833
6245781
6245830
6246063
6249160
6252415
6253176
6254607
6254984
6256991
6260298
6260329
6262151
6263417
6263726
6265712
6270497
6272673
6272932
6274638
6276280
6277594
6278414
6278532
6278579
6279689
6281093
6281813
6282119
6282178
6285675
6288698
6289498
6290362
6290416
6290575
6290855
6292242
6294938
6295179
6296691
6298711
6298798
6299572
6299682
6302564
6303347
6305082
6305733
6308958
6310526
6311089
6317904
6320456
6322906
6326635
6328243
6332037
6335642
6335707
6337308
6339448
6342033
6342209
6343364
6347178
6349598
6351656
6351716
6351867
6354983
6356122
6356819
6357620
6357666
6358495
6358606
6359384
6360575
6361042
6362475
6364117
6365668
6366200
6366681
6366763
6368591
6369085
6369325
6372306
6372903
6373795
6376416
6378257
6378774
6379630
6386576
6389767
6391886
6392309
6393376
6394151
6395668
6395736
6397770
6399239
6399960
6402003
6402383
6402640
6403259
6410779
6410881
6413711
6414771
6416154
6416699
6417320
6418952
6423844
6424431
6424778
6424921
6425998
6426418
6426483
6427124
6427707
6428656
6431802
6434142
6435850
6437339
6437425
6437586
6440725
6442663
6443500
6443542
6446666
6447645
6448131
6448608
6451513
6452093
6452604
6453527
6457637
6457688
6458168
6458618
6460549
6468192
6469606
6470573
6473256
6475588
6479305
6480060
6481025
6481073
6481571
6485798
6487174
6488477
6489313
6491241
6491268
6493377
6493385
6494036
6494987
6495886
6496543
6498802
6499134
6499989
6501066
6503463
6505697
6506841
6507625
6508924
6509748
6510472
6510759
6511621
6513349
6513980
6521548
6521634
6523043
6523596
6525133
6527397
6529353
6533001
6534511
6535208
6536141
6537416
6537699
6538089
6538144
6539146
6541832
6545391
6546947
6554616
6556945
6558349
6561176
6562664
6564497
6572496
6575463
6577777
6578972
6583278
6583666
6584286
6584818
6586787
6587067
6589366
6589527
6591510
6593123
6593705
6600333
6601510
6603181
6604507
6605375
6607369
6608704
6608802
6611966
6612445
6613335
6614511
6615177
6615556
6616594
6621093
6625879
6625924
6632150
6634972
6640730
6640904
6643236
6647967
6650625
6651271
6652277
6653191
6653973
6655085
6656667
6657918
6659874
6660584
6662369
6665295
6666090
6666441
6666507
6666652
6668155
6668320
6668594
6677670
6678828
6681893
6683527
6683529
6685261
6685461
6685565
6691045
6691242
6695220
6696465
6698103
6698109
6699134
6699258
6699701
6701604
6704426
6705731
6706019
6706625
6707151
6715868
6717165
6719261
6720399
6720592
6721154
6721713
6722141
6723428
6725887
6727366
6728228
6729281
6730871
6730934
6734265
6735836
6737782
6740862
6741646
6741991
6742025
6743119
6744573
6745259
6749248
6749335
6752803
6752905
6753585
6754851
6755722
6756906
6757412
6759400
6763887
6765735
6767873
6767896
6773226
6774685
6777137
6778212
6780167
6780485
6780670
6782033
6782149
6782176
6783065
6783545
6784247
6788133
6788265
6791171
6791287
6791391
6792046
6793851
6794530
6796106
6796756
6796779
6800234
6801575
6802505
6803064
6804176
6805071
6805533
6806228
6806893
6807691
6808172
6808648
6811955
6815351
6816747
6817599
6818161
6818625
6819170
6820117
6821011
6821996
6822322
6825607
6827327
6828198
6828593
6829718
6831405
6832060
6834634
6835175
6838792
6839385
6841607
6842137
6842191
6846924
6847488
6847927
6847974
6851469
6851895
6853704
6854828
6855453
6855539
6856406
6856654
6858128
6858227
6858770
6859261
6859623
6861414
6865064
6866155
6867554
6869799
6870666
6873679
6874280
6875980
6877528
6878528
6879566
6881208
6884803
6890303
6890405
6891309
6891385
6894112
6894184
6895032
6896507
6897635
6898312
6899182
6901638
6902370
6902888
6903070
6906905
6908043
6908678
6909086
6910912
6912550
6914839
6915271
6918383
6918689
6919629
6920424
6920482
6921402
6922969
6923525
6928884
6929597
6931322
6931826
6932485
6934944
6936629
6939556
6940491
6941692
6945187
6945201
6945424
6945824
6947010
6948278
6949524
6949557
6950120
6953094
6953263
6954200
6959647
6961128
6961444
6962433
6963725
6963835
6966470
6969104
6969900
6970398
6970867
6974023
6974307
6975306
6976449
6976501
6976959
6977975
6979084
6979827
6979882
6985799
6986836
6987051
6990545
6991878
6997137
6999559
7000165
7000399
7006783
7007623
7010073
7010393
7011581
7012535
7013631
7013723
7014082
7021805
7021883
7022070
7022117
7026477
7027534
7028052
7028333
7030484
7031955
7033533
7033536
7035111
7035354
7038120
7038522
7040819
7042308
7042624
7043247
7043546
7043585
7045340
7048905
7050242
7051309
7051708
7057141
7062303
7065106
7066954
7067088
7072638
7075538
7077428
7077929
7078172
7080728
7081534
7081808
7081960
7084662
7085410
7087149
7087712
7088730
7090731
7090926
7091310
7091726
7091818
7092615
7093671
7094144
7095245
7095496
7096525
7098226
7098573
7098615
7100611
7101231
7103755
7106364
7107863
7111982
7112539
7113686
7114414
7115573
7116476
7117714
7118818
7119385
7122503
7123004
7124174
7127854
7128623
7129260
7130602
7131459
7132297
7132481
7133476
7134547
7139961
7140828
7142732
7142755
7144143
7145624
7147720
7148279
7149026
7149419
7151376
7153932
7156411
7160141
7160738
7162563
7163227
7164061
7165677
7168563
7173883
7175718
7179314
7179318
7182229
7185034
7187060
7190790
7190959
7191914
7192328
7192465
7193711
7194129
7195198
7195243
7195247
7196026
7196465
7203611
7204627
7205425
7208952
7209466
7209589
7210368
7210698
7210797
7211343
7212516
7213014
7215493
7216217
7216757
7217414
7219006
7220650
7220693
7221500
7223784
7225023
7225709
7226892
7228278
7229377
7229434
7229694
7232123
7235249
7235811
7236154
7242378
7242570
7242982
7245114
7245237
7245625
7246332
7247935
7254342
7255982
7256349
7257179
7257248
7257783
7258117
7261622
7261786
7264805
7265176
7265601
7269281
7271346
7273377
7273649
7273894
7274425
7274983
7276794
7278314
7278588
7278777
7280636
7280870
7283098
7283504
7284169
7284177
7284499
7286097
7286203
7287274
7290092
7291727
7308813
7316055
7316559
7318016
7320894
7322345
7324617
7324640
7324826
7325282
7325529
7325849
7325895
7326970
7330346
7330554
7331597
7332009
7340636
7341317
7342656
7347483
7347590
7349459
7349755
7350458
7352124
7354066
7355202
7357768
7359492
7361863
7364772
7365078
7365904
7367397
7370218
7370659
7370764
7372550
7373677
7377385
7379348
7380446
7381684
7382018
7384801
7386225
7386649
7390266
7390474
7391376
7392360
7392425
7394184
7395967
7397190
7397621
7399645
7402095
7402627
7404483
7404639
7404832
7404996
7405491
7405785
7405952
7407117
7408976
7409776
7412118
7414992
7415212
7415565
7418386
7418491
7419709
7425590
7426227
7426985
7428344
7428848
7430766
7430859
7432645
7433864
7439344
7440052
7440377
7440835
7441725
7443263
7444349
7449255
7450371
7450552
7450977
7451191
7451536
7452476
7453280
7456813
7458604
7460253
7461701
7462641
7464202
7464706
7465149
7465298
7467521
7468215
7468919
7471336
7472695
7474070
7474900
7476445
7476681
7478126
7478142
7479858
7480023
7484175
7485872
7487041
7487638
7487847
7489446
7489675
7490990
7492767
7495933
7496661
7496963
7497620
7497873
7498286
7499222
7500378
7500587
7503997
7504459
7508520
7509873
7510454
7512978
7513753
7515273
7519102
7519777
7520124
7521458
7523211
7523770
7525172
7525306
7527420
7527948
7531388
7532665
7536015
7537718
7537999
7539548
7539789
7543762
7545484
7546513
7548418
7549922
7550362
7551957
7551988
7552125
7552680
7553559
7553601
7553765
7554346
7554373
7557815
7559304
7559614
7563453
7564773
7565020
7565354
7566872
7569963
7570155
7571397
7572374
7574229
7577274
7577430
7579510
7580979
7583205
7585832
7586185
7588309
7589129
7590631
7593948
7594841
7594913
7596079
7597345
7598232
7598868
7601502
7602973
7603340
7604163
7604219
7604572
7604819
7609568
7610403
7610966
7613059
7616613
7616874
7616901
7618119
7620252
7621538
7623617
7624643
7625295
7626008
7627627
7629581
7629679
7632207
7632866
7634780
7637374
7639113
7640416
7642413
7643485
7643607
7645143
7646031
7646724
7649201
7652075
7652946
7653112
7653530
7654538
7655427
7656641
7658679
7659554
7661088
7661951
7663826
7665334
7665448
7665935
7667896
7669612
7670774
7672146
7679594
7680295
7680308
7680373
7680379
7680657
7682184
7683203
7683516
7684222
7684616
7685597
7686473
7688099
7690993
7692328
7693964
7694043
7695028
7695269
7697058
7700974
7701569
7702279
7703158
7703909
7704913
7705943
7707163
7707909
7709269
7710244
7710282
7710923
7711715
7711767
7712214
7714515
7714748
7715884
7716662
7717067
7720730
7720876
7721592
7722929
7723616
7723630
7724302
7728834
7729420
7731578
7734357
7736260
7738448
7740881
7741591
7741787
7742297
7743807
7745997
7748078
7748246
7750115
7750451
7752008
7754911
7756991
7760121
7760574
7762361
7764046
7764169
7768636
7769827
7773078
7774385
7775644
7776835
7777160
7777388
7778704
7785346
7786368
7786840
7787949
7788374
7790432
7791370
7791401
7793352
7793582
7794353
7795455
7795492
7796799
7797211
7797633
7798525
7799002
7800710
7801187
7802548
7803040
7803944
7808987
7809097
7809907
7810720
7811484
7811642
7811945
7813156
7813921
7814070
7815670
7816170
7816537
7817457
7817546
7821369
7821547
7822592
7823243
7824852
7826674
7827720
7828589
7831488
7831827
7832712
7832777
7834053
7836546
7838539
7839930
7840815
7842185
7842749
7843161
7846115
7847229
7847599
7850985
7851346
7852358
7855249
7856546
7856652
7857064
7859435
7861612
7863375
7865262
7867818
7870558
7870614
7872913
7875200
7879831
7882253
7882894
7883193
7883806
7884264
7885456
7885550
7889261
7889412
7891117
7891158
7891972
7892990
7894185
7894781
7895258
7895986
7899806
7903360
7905326
7905343
7909161
7909349
7910753
7911198
7912976
7913288
7916241
7917242
7917881
7920429
7922091
7922224
7922340
7922708
7922783
7922897
7923544
7926202
7927864
7930027
7932480
7935664
7936915
7937155
7938661
7938771
7941468
7942457
7947822
7948508
7952339
7954671
7957436
7960108
7960905
7961725
7962390
7962486
7963659
7964276
7964637
7965649
7969978
7971661
7972538
7974798
7976291
7977565
7978791
7979988
7980217
7980300
7981281
7997133
7997541
7998014
7998749
8003555
8005060
8005821
8007811
8009402
8010615
8010968
8012174
8012764
8013145
8014124
8015897
8017913
8019736
8020871
8026061
8026373
8026977
8029354
8031989
8032809
8033581
8033587
8033646
8033858
8034437
8037449
8038837
8039492
8040202
8040225
8040517
8040654
8042181
8044989
8046433
8048393
8050080
8051439
8051754
8054014
8057058
8059318
8060481
8063322
8063877
8067231
8067372
8067564
8067853
8069118
8074010
8075026
8075548
8076097
8078456
8081467
8082026
8084041
8084466
8085769
8085955
8086538
8087985
8088017
8089654
8090912
8093106
8093503
8095290
8097961
8098260
8099010
8099060
8100003
8100372
8100850
8102822
8105858
8105927
8106917
8107984
8108434
8110136
8110464
8113810
8115240
8117637
8118942
8124628
8125685
8126669
8129821
8133274
8134103
8135349
8135592
8135998
8136306
8138935
8140741
8141908
8142134
8144374
8145318
8146131
8148377
8149862
8151492
8153654
8153715
8154336
8155345
8155931
8156088
8156692
8156853
8159348
8163069
8169697
8173425
8174854
8177474
8181191
8181350
8184747
8185740
8186975
8188088
8192728
8192915
8194262
8195043
8195133
8195376
8196087
8199870
8202192
8208515
8211633
8212834
8212885
8214328
8215370
8215701
8216596
8216851
8216933
8217424
8221174
8221927
8222553
8225835
8226072
8226723
8227431
8227735
8228004
8228751
8230103
8231577
8235365
8237226
8243354
8249862
8250527
8251549
8252599
8255498
8255853
8256290
8258187
8260812
8262685
8263175
8263342
8264225
8264632
8268656
8271462
8272667
8275284
8275297
8275846
8277578
8284083
8285946
8286025
8286062
8290510
8290556
8291040
8291595
8292343
8293547
8295663
8295910
8296506
8297019
8300730
8305090
8310413
8313189
8314111
8315776
8316043
8319217
8319986
8322849
8323875
8324068
8327002
8327092
8327926
8328139
8329140
8329418
8330362
8331858
8332341
8333442
8334035
8335978
8336921
8337506
8339987
8340165
8342125
8342127
8342135
8342598
8343494
8344518
8347458
8348068
8351136
8354857
8356707
8357115
8358127
8359221
8361348
8368232
8372400
8373405
8373476
8374407
8374690
8375186
8375488
8375968
8377110
8377392
8377595
8378826
8383106
8386229
8388897
8390181
8390407
8391172
8392160
8392298
8394510
8401885
8401991
8402268
8403525
8404986
8406348
8407136
8407397
8410724
8410769
8411342
8411515
8412348
8412642
8412783
8413325
8413847
8415259
8415359
8415473
8418130
8419943
8422477
8422852
8423266
8423681
8425643
8429301
8434790
8434992
8435139
8436058
8436312
8437867
8444918
8448424
8448569
8448641
8449930
8450873
8450915
8451042
8453113
8455926
8456599
8457539
8459889
8462596
8462846
8466458
8466613
8468005
8468423
8468766
8468858
8470982
8473942
8476681
8477052
8477373
8479215
8479393
8485988
8486378
8488279
8489983
8490762
8491653
8492816
8494519
8495743
8495938
8496158
8496466
8496902
8497935
8500254
8500950
8503551
8505669
8506672
8508271
8512817
8514427
8514477
8514665
8515434
8517817
8518768
8518956
8523666
8523845
8526438
8526524
8535788
8536445
8541339
8541367
8541882
8545037
8545384
8546278
8546659
8549568
8549965
8551160
8552388
8553692
8553912
8556739
8558370
8558381
8560028
8560130
8560491
8561173
8562103
8565577
8566254
8568292
8570555
8576350
8576532
8578953
8581590
8581722
8582458
8582532
8582763
8586450
8587118
8591477
8592057
8592616
8594962
8595189
8598008
8603875
8603953
8603954
8605731
8605744
8606431
8607453
8607622
8614755
8615534
8619047
8619486
8620457
8622501
8628113
8631565
8631864
8632944
8634655
8634780
8635351
8635928
8636836
8638597
8639308
8640576
8641598
8642055
8642122
8643114
8645767
8647430
8649254
8649354
8650566
8653271
8653797
8654366
8654662
8655103
8655697
8657753
8658301
8659111
8659858
8664873
8665121
8666037
8666188
8668445
8670925
8672300
8673596
8676126
8678259
8683182
8685442
8687778
8687956
8691057
8691065
8695532
8696371
8696539
8698766
8699884
8700076
8701743
8702185
8703132
8703348
8703714
8704007
8704332
8704778
8708367
8709074
8709481
8710191
8711002
8711780
8712728
8713346
8713873
8714776
8717759
8718235
8719409
8721268
8723865
8727194
8727351
8727529
8729329
8735607
8740630
8741432
8742054
8744812
8746324
8751885
8753501
8753534
8756532
8756700
8756751
8760341
8760454
8762852
8763093
8765091
8767082
8768159
8768899
8770194
8770345
8772308
8775846
8777163
8778298
8778687
8778991
8779191
8780217
8780424
8782143
8783853
8786572
8787272
8789869
8790042
8791207
8791817
8793364
8794428
8798739
8799464
8799466
8800722
8802483
8804113
8807724
8807940
8808438
8809378
8812695
8813246
8815044
8816500
8818438
8821453
8822993
8823926
8824482
8825030
8825970
8826502
8827561
8828252
8829118
8829452
8830419
8839548
8840907
8840972
8843582
8844490
8845746
8848882
8849992
8850034
8851691
8852415
8853678
8854769
8854823
8856393
8856854
8859543
8863989
8865168
8868538
8868899
8869285
8870602
8872263
8875502
8876208
8876229
8878241
8878245
8881233
8884852
8885694
8886297
8888933
8889861
8892818
8893160
8897007
8898739
8901883
8902525
8902868
8902992
8906518
8906991
8907146
8907622
8909427
8914258
8917283
8919558
8921173
8921581
8922061
8922216
8925031
8926628
8928606
8928758
8929368
8929550
8929738
8933879
8936796
8938414
8939923
8944893
8947384
8948318
8948510
8949185
8951226
8951484
8951683
8953315
8955367
8955559
8959092
8965399
8966516
8967168
8969554
8969871
8970663
8970857
8971088
8971542
8972193
8972815
8974492
8976540
8976928
8977002
8978248
8979072
8980278
8981523
8983181
8983956
8986720
8987049
8988563
8988569
8990946
8991680
8992096
8993783
8994442
8994982
8995330
8997539
8998018
9000050
9000432
9000973
9003235
9006489
9007560
9008153
9009024
9011409
9012074
9012150
9015265
9020273
9020345
9020502
9022384
9023264
9024451
9025219
9027350
9028481
9029641
9039874
9040196
9042233
9043599
9046000
9049168
9056497
9056502
9058186
9058573
9060067
9064426
9066901
9073186
9073937
9077399
9079739
9081444
9081866
9082195
9084990
9088383
9088448
9088770
9090053
9090372
9090908
9090923
9092745
9092989
9096190
9096822
9098595
9099381
9100670
9101270
9102796
9102814
9103642
9104762
9105397
9107043
9107720
9108561
9110677
9111305
9117348
9118096
9122258
9124182
9124875
9126238
9126679
9127156
9128607
9128961
9129445
9130853
9132034
9132491
9133594
9133944
9136222
9136267
9138486
9143201
9143268
9146275
9146926
9147718
9149076
9149776
9155337
9159248
9161236
9162455
9162973
9164752
9165775
9165913
9166948
9167555
9172094
9173561
9176972
9177407
9179637
9179914
9180086
9182484
9182784
9183345
9186454
9186642
9189422
9192693
9199042
9201435
9203444
9203640
9203677
9206449
9207040
9207663
9208099
9210923
9212940
9216150
9216192
9216206
9217090
9218922
9221588
9222300
9223632
9223806
9224636
9224726
9226572
9228808
9233957
9234035
9236260
9236283
9238556
9239302
9241359
9241919
9243500
9245582
9246573
9247628
9249978
9250718
9251295
9253013
9254137
9261382
9261486
9262663
9266360
9267904
9270707
9270850
9272610
9274967
9275026
9275279
9275299
9275534
9278292
9278394
9279196
9281990
9282696
9284912
9285454
9287492
9287899
9288041
9289192
9290424
9294263
9294431
9295693
9296815
9299165
9301116
9302111
9303048
9305127
9305659
9308701
9309570
9310292
9312347
9315600
9316378
9319411
9321688
9325095
9325627
9326758
9328705
9332828
9332955
9334087
9334193
9338678
9341756
9342466
9346793
9347899
9348036
9349223
9350071
9350383
9352291
9352489
9354572
9359450
9362366
9364307
9365357
9368329
9369236
9369603
9369909
9372757
9373471
9373656
9376070
9378726
9378818
9378859
9380458
9382321
9382649
9384783
9384889
9385356
9389006
9389350
9389699
9390683
9391733
9391860
9392621
9396521
9396739
9397109
9397613
9398402
9400014
9400600
9402325
9404898
9409608
9411036
9412487
9415457
9416234
9418531
9420037
9421030
9421324
9421367
9423063
9424531
9427755
9429995
9430884
9437233
9437302
9437518
9438080
9441090
9442090
9447086
9447100
9449122
9450965
9451666
9455298
9458461
9460528
9465863
9465899
9466100
9467935
9468629
9471290
9471350
9472618
9473509
9475596
9478926
9478927
9480292
9480666
9481755
9482184
9482673
9484832
9486637
9487073
9489970
9490466
9492577
9494919
9495821
9496868
9498987
9499097
9499434
9502064
9502348
9503700
9503800
9507035
9508108
9508349
9509274
9509738
9511162
9512129
9512417
9513066
9513604
9514194
9514571
9516262
9520969
9521250
9521295
9524639
9527716
9528523
9530025
9531436
9536837
9538821
9538905
9539013
9542183
9545619
9547029
9550913
9551341
9555077
9556778
9558467
9559022
9559554
9566030
9566974
9569406
9569435
9570167
9570236
9571193
9571199
9573182
9574362
9574377
9574568
9575385
9575683
9576157
9577295
9577368
9577926
9578458
9581002
9582012
9583058
9583346
9583495
9584341
9585329
9588811
9589356
9590107
9590272
9590900
9594248
9594825
9595611
9598495
9599174
9599323
9600083
9603063
9604765
9607476
9609050
9611352
9613990
9616827
9617478
9618161
9619728
9620095
9621217
9621317
9621474
9625608
9629428
9630877
9630961
9631503
9638878
9641031
9644081
9646873
9647275
9647508
9648648
9649048
9651394
9651820
9652008
9652745
9653971
9655964
9656598
9657082
9657624
9658567
9660207
9660568
9661786
9662269
9663985
9666231
9668026
9668151
9670046
9670340
9672653
9673668
9676134
9677119
9677733
9677993
9678498
9681417
9682189
9684159
9688305
9690634
9694264
9695316
9697907
9700380
9700715
9701406
9702863
9704782
9706353
9706715
9706981
9710240
9715185
9715542
9715721
9719316
9722613
9724293
9725130
9727052
9729335
9730118
9732221
9733229
9733233
9733614
9737479
9737829
9738182
9738766
9740453
9743746
9747719
9748786
9749029
9749900
9753907
9759394
9759444
9762528
9763640
9764250
9765693
9766665
9769866
9772212
9773773
9776772
9778102
9780621
9780960
9781907
9782335
9787855
9789897
9793453
9793484
9793504
9795442
9796091
9798551
9798697
9799072
9799100
9799892
9799943
9799971
9801583
9801908
9803689
9804272
9805322
9806626
9811228
9814515
9815453
9818636
9820817
9820837
9824944
9825687
9826654
9828065
9830854
9834344
9835036
9836360
9836421
9836760
9847632
9848480
9850442
9853315
9854418
9855524
9856475
9857062
9857975
9858715
9861553
9864400
9865374
9866077
9866163
9866906
9868128
9870541
9874231
9875884
9876070
9878014
9879006
9879044
9882731
9883640
9885024
9885187
9886139
9887878
9889400
9892786
9893284
9894059
9901911
9902086
9902791
9902905
9903254
9904017
9905437
9907621
9908292
9910016
9911169
9913496
9913999
9918387
9918428
9922473
9924917
9929113
9929795
9930609
9930737
9930912
9931192
9932310
9934368
9938691
9941144
9942062
9942523
9943431
9944163
9944965
9944971
9945483
9945727
9947511
9947805
9949899
9951421
9951662
9952848
9953182
9953675
9954985
9956364
9957746
9961087
9961256
9962372
9965989
9972911
9974604
9980641
9981643
9982316
9986737
9989991
9990095
9990823
9991250
9995817
9998843
10002605
10006995
10010664
10010942
10012513
10013013
10013421
10014625
10014900
10015120
10017521
10017552
10017654
10019407
10023513
10026995
10033154
10033667
10034185
10034428
10036459
10038591
10039660
10040490
10041218
10041863
10042645
10043251
10045540
10046796
10047149
10047777
10048134
10048273
10049244
10052506
10052580
10054102
10056150
10058086
10060324
10060462
10063227
10064736
10065920
10066887
10068396
10069627
10074276
10075055
10078207
10078595
10080932
10082165
10082832
10082850
10086406
10089719
10095054
10099293
10099740
10103754
10106335
10106718
10109626
10110103
10110303
10112301
10113684
10114834
10115197
10115358
10115636
10116295
10116425
10116841
10117001
10118263
10118624
10118651
10125361
10127794
10131687
10132462
10133346
10135875
10136701
10136836
10137968
10138829
10139419
10142420
10142801
10143803
10150050
10150097
10151727
10152604
10153346
10153991
10155562
10155974
10161084
10162384
10165222
10165795
10169140
10169612
10170055
10171183
10171931
10172158
10173214
10173455
10175503
10176752
10179492
10183653
10183739
10184961
10187083
10189182
10189918
10190106
10193464
10193560
10194686
10194805
10195158
10195745
10198068
10198924
10200027
10203162
10203419
10203491
10205136
10205346
10208956
10209213
10209611
10209697
10209874
10212153
10212881
10214370
10214630
10215829
10218640
10219858
10220228
10221553
10225580
10226124
10226756
10227774
10228368
10231026
10231456
10232125
10234755
10235910
10237956
10239380
10240948
10241195
10243201
10243637
10244164
10244315
10244333
10244658
10244974
10249578
10251043
10251047
10251936
10252977
10253268
10255688
10256820
10257238
10257965
10259968
10264952
10266043
10266243
10267947
10268026
10268849
10269166
10269179
10269773
10270344
10271295
10271982
10272995
10273842
10274979
10275116
10277678
10278761
10279673
10280595
10281313
10281727
10283761
10285912
10287190
10287599
10288417
10289457
10293425
10294017
10294369
10296801
10297960
10300580
10300951
10305761
10306824
10307081
10307771
10308142
10308474
10309540
10309976
10310562
10311002
10311039
10311847
10312797
10313644
10313728
10314978
10317181
10319177
10320200
10321547
10322164
10323636
10326435
10327159
10328232
10329002
10329756
10329866
10331715
10331794
10332407
10332608
10332961
10337512
10337539
10337996
10340740
10344945
10346205
10346219
10348078
10349782
10351004
10352581
10352613
10354253
10354660
10354692
10357281
10359613
10361895
10362224
10362393
10363411
10363538
10364129
10367830
10369576
10370350
10371792
10372046
10372249
10372944
10373419
10375947
10380437
10381708
10382351
10384728
10389311
10391399
10393327
10395358
10395856
10399708
10403906
10405742
10405981
10406609
10412009
10412255
10412942
10413792
10414325
10414792
10416314
10417660
10419138
10419213
10419329
10420531
10420845
10424427
10427692
10430707
10432102
10432371
10433665
10434407
10436084
10436711
10437733
10439181
10439456
10443435
10446684
10447918
10452251
10453465
10454302
10454816
10456223
10457966
10458860
10458902
10461407
10462254
10462795
10464170
10465704
10465959
10467678
10469011
10473070
10475096
10476744
10478517
10482936
10483597
10485062
10488822
10489507
10490713
10491370
10493137
10493453
10494142
10495052
10495836
10497713
10497947
10498228
10502747
10506421
10507723
10508141
10509098
10511425
10512697
10512909
10513235
10513713
10518474
10519001
10524723
10525447
10526618
10526816
10527365
10527763
10528381
10529191
10529788
10531118
10532950
10533256
10533766
10534195
10534704
10537040
10537834
10540184
10543193
10543495
10544191
10546939
10551399
10552645
10554757
10556833
10560407
10560865
10563227
10563645
10564932
10565203
10567748
10568913
10569759
10572133
10573706
10575459
10576183
10576609
10577075
10577813
10579125
10581081
10582566
10583523
10584236
10585106
10588381
10589911
10590896
10591337
10594533
10596204
10596366
10598344
10598816
10601186
10604981
10605615
10607853
10609183
10609705
10611602
10613296
10614765
10614863
10615862
10616332
10617190
10619228
10619759
10622509
10622962
10623543
10624243
10624569
10626301
10630798
10632097
10635175
10635416
10636383
10637981
10639782
10639974
10640131
10640908
10641294
10641372
10642699
10643740
10643772
10645031
10645131
10646718
10651967
10652604
10652814
10655305
10656416
10656549
10657418
10661009
10663524
10665654
10668453
10668628
10668782
10671280
10672857
10673867
10674538
10676250
10678576
10679008
10681962
10683756
10684376
10686332
10688448
10688503
10689767
10690918
10694238
10694805
10694990
10696020
10698760
10698990
10700698
10703583
10706306
10711090
10712663
10712731
10713302
10716876
10718292
10718396
10718942
10724385
10725887
10726937
10728108
10728717
10728796
10729414
10729959
10731109
10731856
10732313
10733311
10733657
10733663
10735318
10735551
10735787
10737132
10737856
10738045
10738625
10740885
10741020
10741764
10747454
10748237
10750888
10751893
10752614
10752761
10752908
10755612
10756216
10756339
10757059
10760160
10761113
10765460
10767096
10767174
10767175
10770603
10771160
10772390
10773141
10773649
10776087
10777398
10777515
10777566
10778025
10779291
10780114
10781915
10782293
10782601
10782653
10783765
10787696
10788039
10789729
10791346
10791516
10792107
10792554
10795139
10796265
10803291
10803305
10806155
10806683
10807301
10807352
10807485
10809833
10810011
10810709
10810966
10814525
10815290
10815492
10816175
10817238
10817324
10817846
10820299
10822206
10822520
10824772
10826880
10836646
10840142
10845322
10846997
10847501
10851048
10851899
10852371
10853058
10853189
10853637
10857503
10858652
10858707
10858986
10860388
10861006
10861071
10861940
10862352
10864543
10865957
10867987
10868269
10868927
10869184
10869791
10870553
10872096
10872137
10875687
10876875
10877424
10882215
10883231
10886384
10886435
10886603
10889012
10893581
10894490
10894834
10894967
10902966
10910485
10913234
10914862
10916798
10917207
10919539
10920006
10922759
10922865
10924886
10927081
10928403
10928806
10930028
10931211
10933271
10933308
10933959
10935027
10937084
10937174
10938477
10943898
10945838
10947200
10950154
10951479
10952639
10953890
10954885
10955575
10962352
10963382
10963496
10964988
10970024
10970524
10970994
10972187
10973223
10973835
10974453
10977000
10979484
10979895
10981449
10982241
10987124
10992880
10993555
10997778
10997812
10998059
10998979
11000962
11002186
11002845
11003070
11004182
11005708
11010913
11012446
11013698
11014930
11015475
11017917
11018966
11019167
11020539
11022520
11022984
11023821
11024743
11029197
11029690
11029788
11031814
11032148
11032456
11034191
11034623
11035659
11037426
11039175
11046572
11048290
11050938
11051466
11051835
11051855
11053377
11059747
11061888
11063353
11063514
11070283
11077520
11077969
11078693
11081040
11081667
11081953
11082299
11085257
11085716
11085929
11086174
11086655
11086724
11086996
11088226
11089707
11091300
11094048
11095244
11100380
11102171
11103690
11103916
11106160
11107776
11109406
11109873
11110401
11111368
11112194
11114369
11119220
11119679
11123416
11125263
11126150
11126897
11129912
11130179
11132509
11132632
11132858
11137575
11138889
11143781
11144332
11147235
11147691
11147698
11151200
11152806
11154236
11154320
11154556
11158436
11158989
11164603
11165174
11166915
11170497
11170672
11171872
11173021
11173565
11173608
11174504
11174843
11175979
11176240
11176572
11176822
11176933
11177701
11179751
11181926
11182938
11183368
11184612
11187169
11187642
11188097
11189007
11189972
11191252
11191536
11192458
11194239
11198389
11199278
11199529
11200994
11201463
11204728
11205003
11206031
11206712
11207359
11208944
11209034
11210280
11210340
11211047
11211054
11211468
11212123
11218922
11218998
11219551
11221182
11222278
11225644
11226721
11228620
11230359
11231081
11231534
11233318
11233400
11235671
11236062
11236909
11238356
11240067
11241292
11241861
11242576
11242799
11243546
11244453
11246038
11246675
11246816
11247354
11248168
11248438
11248942
11250174
11251394
11256541
11256557
11256908
11258815
11260413
11260701
11262579
11267014
11267239
11267645
11269982
11270527
11271305
11274173
11276207
11277819
11280206
11280650
11281746
11283304
11284245
11287911
11288086
11289304
11291832
11291966
11292905
11297150
11303931
11305982
11306565
11309156
11312404
11315337
11315415
11316164
11316426
11317234
11318043
11318805
11319005
11320686
11321464
11326039
11326890
11328437
11329404
11329560
11329610
11330609
11333893
11335319
11337682
11344080
11345030
11346293
11348156
11350224
11352070
11352413
11352487
11355918
11356279
11356958
11357823
11371629
11371986
11373365
11375605
11377633
11377732
11377945
11380384
11381208
11382847
11385363
11386421
11386603
11388280
11388534
11389528
11391285
11393769
11395467
11396072
11398849
11400805
11402633
11402802
11402815
11406355
11407630
11408194
11408270
11408692
11409329
11411671
11411995
11412781
11413689
11415918
11416293
11416320
11420484
11420712
11423785
11425462
11425839
11427750
11428056
11432241
11432882
11435015
11438628
11439760
11440264
11441042
11447533
11447660
11448528
11451473
11456542
11457907
11459616
11460736
11461638
11464161
11465114
11465151
11466956
11467807
11468092
11469364
11471024
11471078
11474403
11474735
11476391
11477165
11477710
11478425
11478691
11479446
11480105
11482279
11485347
11486982
11488287
11490492
11491472
11494413
11496917
11497235
11501751
11501778
11502878
11504865
11505550
11507574
11507743
11507907
11509914
11511393
11513170
11514292
11515392
11517644
11518823
11520047
11520431
11522419
11523330
11523678
11527366
11527573
11527818
11529951
11530139
11532712
11532854
11533403
11535072
11536543
11537869
11539484
11542018
11544760
11545479
11548094
11548443
11551444
11553655
11554630
11554914
11556087
11557352
11558628
11559601
11559885
11561044
11561750
11562341
11562603
11563661
11564378
11565048
11566601
11567434
11571383
11579733
11579845
11580926
11582271
11583014
11583087
11587814
11589172
11589770
11593691
11594407
11597028
11600517
11600607
11604369
11605230
11605488
11610101
11610489
11610564
11611519
11612156
11616111
11616577
11618292
11619971
11620808
11620859
11622084
11622454
11623003
11623417
11624300
11628712
11633743
11636422
11638158
11638734
11640370
11640992
11641581
11642134
11643269
11643426
11645606
11648000
11648597
11649060
11652476
11654364
11654913
11655999
11656416
11656905
11657467
11657997
11658510
11660566
11660686
11662830
11663081
11665776
11666013
11667835
11668019
11674579
11674936
11679339
11679738
11682060
11682197
11685998
11691089
11691373
11693122
11694299
11696526
11697120
11697657
11699448
11701436
11706704
11707469
11710207
11710341
11710607
11711431
11712517
11713410
11713993
11714330
11714954
11715297
11716378
11716782
11718100
11718179
11719677
11719791
11725146
11725252
11726405
11727396
11729467
11729873
11730089
11732727
11732795
11733711
11733825
11734069
11735018
11736095
11737917
11738551
11739360
11743168
11744921
11746842
11747354
11747495
11747773
11748242
11748489
11751069
11751843
11752297
11752536
11752667
11753319
11754431
11755662
11757438
11757771
11757867
11757953
11759615
11759668
11760280
11762077
11763240
11764118
11764583
11766323
11767422
11769703
11772549
11773367
11774100
11774142
11776052
11776770
11777139
11777164
11777266
11781668
11784645
11785489
11786999
11787523
11787588
11788041
11788072
11790212
11790628
11791205
11791389
11796157
11797438
11799992
11800765
11801361
11801828
11802514
11803550
11804792
11808105
11809341
11809786
11810784
11816359
11817120
11817173
11817210
11817269
11817865
11818259
11822533
11823030
11823436
11828143
11829785
11830338
11830846
11832519
11832992
11833910
11833943
11836344
11837154
11838361
11839041
11840842
11841201
11844535
11845241
11848803
11849088
11851599
11852620
11855167
11855537
11855743
11856501
11857420
11858240
11859835
11862762
11864955
11865015
11871286
11875529
11877333
11878640
11879089
11881601
11887027
11890224
11890915
11891172
11891203
11894973
11895349
11896114
11897336
11897800
11899531
11900952
11902023
11902372
11902580
11905693
11906701
11907809
11907880
11912083
11913181
11918268
11920643
11920975
11923948
11924052
11926518
11926906
11929674
11930549
11931225
11931523
11931651
11935550
11939609
11939695
11941194
11942178
11942359
11943279
11944744
11945324
11949351
11949865
11950197
11950521
11956575
11956942
11960883
11961432
11963148
11964598
11965219
11965704
11966245
11971579
11971920
11974248
11978062
11978224
11978907
11982241
11982659
11983373
11984360
11984423
11985590
11988865
11990643
11994299
11994367
12001124
12004508
12006120
12006466
12006493
12007651
12009204
12011477
12013515
12013574
12013670
12014839
12023131
12024198
12028709
12031432
12031769
12034152
12035342
12036369
12036661
12036877
12037034
12037112
12038591
12039901
12040098
12042100
12042128
12042135
12044348
12046810
12051613
12051819
12054605
12054638
12055503
12056560
12059677
12060004
12060634
12061380
12061644
12064661
12064797
12065379
12065801
12066422
12067125
12067581
12067903
12068315
12072199
12073235
12073543
12078391
12081573
12082058
12084750
12088123
12088836
12094479
12095021
12095433
12095786
12097678
12100842
12101769
12104599
12107278
12107641
12107994
12108488
12109491
12110056
12110572
12111685
12113339
12114371
12115263
12117627
12118145
12121122
12125185
12125967
12126585
12126693
12126773
12127777
12128699
12130134
12130410
12130930
12132542
12135217
12137530
12140025
12140092
12140205
12141824
12141879
12143366
12143705
12143866
12144474
12144803
12145506
12146304
12146359
12150415
12151015
12151621
12151873
12154340
12156105
12158743
12160229
12161086
12161454
12162994
12163182
12164791
12165628
12165652
12166152
12166791
12167655
12168276
12169902
12169934
12171511
12172162
12174406
12174485
12177245
12177391
12178762
12179737
12180040
12180063
12180338
12181699
12187469
12190378
12191726
12192148
12194629
12197712
12200027
12201123
12201780
12203049
12206333
12208207
12210099
12210401
12211400
12212467
12213297
12213749
12214673
12215433
12215599
12216196
12219502
12223172
12224528
12225234
12226150
12227052
12228119
12230263
12231005
12233763
12236030
12237889
12238197
12240502
12241497
12241785
12242434
12243994
12244959
12245522
12245632
12249853
12249929
12249951
12250229
12252811
12252822
12258247
12259130
12259582
12259905
12262057
12263981
12264626
12269393
12270107
12271651
12273012
12273284
12280138
12281479
12281911
12283125
12285444
12292984
12293635
12293784
12294523
12303156
12304003
12304133
12305957
12306180
12307157
12308585
12313618
12313885
12316421
12318920
12319740
12320752
12321054
12326578
12327226
12327936
12329967
12331774
12336358
12340494
12341465
12342580
12342890
12342958
12343229
12344257
12344351
12350459
12350891
12351848
12352936
12354151
12354604
12354618
12354810
12355122
12357040
12357371
12358201
12358491
12358525
12359321
12363587
12363838
12365043
12367697
12370452
12370462
12372290
12374581
12374903
12376212
12376290
12376409
12378355
12378640
12381643
12383751
12385624
12385940
12390118
12393833
12394649
12394896
12396093
12397635
12397906
12398604
12398921
12399372
12401077
12402972
12403647
12404043
12404759
12405842
12406673
12412638
12414612
12416086
12416549
12417187
12420353
12420953
12424685
12425341
12425637
12425900
12428913
12429028
12429523
12429591
12429728
12431845
12434901
12437419
12441759
12442243
12443672
12443851
12444538
12445556
12445779
12445840
12446774
12447299
12448912
12449230
12450167
12451148
12451923
12452790
12453618
12454722
12456458
12457587
12458235
12459953
12462136
12462403
12464259
12469091
12469235
12470107
12470258
12470606
12470629
12470710
12471379
12473222
12473799
12477277
12478830
12479541
12480299
12482741
12483157
12483164
12484248
12488504
12489457
12490572
12492417
12494905
12495265
12497351
12497373
12497401
12497667
12498216
12498527
12499039
12500065
12501966
12501976
12504061
12506072
12507399
12510960
12513943
12516332
12516969
12517621
12517770
12518036
12520167
12521303
12523282
12523305
12523337
12524451
12524495
12524966
12525051
12527864
12528591
12530369
12532815
12534431
12534843
12535559
12536145
12537181
12537479
12538903
12539374
12540211
12543000
12544036
12544350
12545839
12546076
12547455
12547661
12547726
12548526
12549079
12552531
12554949
12555454
12557000
12558219
12559544
12562676
12563382
12563643
12565440
12568168
12569180
12569718
12571420
12574775
12575378
12575745
12577175
12578649
12579923
12580281
12582415
12582907
12585192
12586363
12587216
12589703
12591027
12593061
12594997
12598124
12599493
12602076
12604354
12604673
12605484
12608100
12608794
12610724
12611548
12615136
12616005
12616921
12617445
12617948
12618029
12620096
12621883
12626295
12629572
12631842
12635313
12636867
12637311
12638326
12639907
12641045
12643279
12646326
12648016
12648305
12651773
12653189
12655240
12655337
12655727
12656119
12659152
12660085
12660311
12661093
12661413
12663023
12665212
12666426
12667641
12668828
12669618
12669851
12672674
12673892
12674700
12680432
12680749
12687672
12690677
12691355
12692509
12692742
12693595
12693952
12694017
12694450
12695555
12696271
12696367
12696769
12696998
12699464
12699503
12700702
12704460
12705808
12712490
12713004
12714307
12714589
12716595
12719910
12720307
12720842
12726897
12727740
12730210
12731264
12733339
12734015
12736270
12737054
12737484
12738109
12739569
12739737
12740136
12745096
12746704
12747518
12749150
12751986
12752509
12752608
12753105
12753414
12756437
12760593
12765403
12766292
12767670
12768430
12768559
12768646
12770217
12770840
12773071
12774171
12774185
12775728
12775983
12776370
12778267
12778651
12781248
12782501
12783567
12783955
12783961
12786699
12787193
12787825
12792246
12792466
12792571
12793872
12798344
12798578
12799590
12799600
12802726
12803483
12804121
12805429
12806675
12811710
12812699
12818049
12819281
12820978
12821541
12822137
12823751
12824344
12825122
12825703
12826919
12828014
12828045
12830903
12831545
12833527
12833630
12836588
12836648
12838076
12840601
12842244
12842737
12843049
12843115
12843712
12843788
12844583
12847478
12848054
12849118
12850390
12851622
12855691
12856308
12861463
12864380
12865052
12866174
12868126
12868672
12877275
12877428
12880327
12881100
12881350
12883263
12887019
12887771
12888480
12890842
12891105
12891542
12892034
12892763
12893010
12893047
12898262
12905569
12907719
12910216
12912326
12913586
12914123
12914758
12915588
12915612
12916463
12918652
12920631
12922040
12923770
12925606
12926926
12927694
12928713
12929272
12929930
12932596
12935240
12937004
12937328
12938153
12938699
12939046
12940397
12941745
12943049
12946279
12949147
12954465
12955960
12958674
12958804
12959998
12960021
12960932
12964345
12964568
12965531
12965685
12965716
12968583
12969247
12970621
12971547
12973423
12976837
12979170
12982112
12983196
12987584
12988243
12988441
12990946
12991547
12992727
12993098
12995156
12996709
13000277
13001001
13001666
13001772
13002096
13003686
13004288
13006856
13008496
13009480
13010263
13012805
13013668
13014483
13016246
13017154
13017697
13017977
13020694
13022660
13023717
13026786
13028991
13029984
13030598
13031202
13032736
13033819
13035747
13036063
13036082
13037930
13040007
13040951
13042118
13043681
13046512
13048047
13048494
13048702
13050487
13051852
13054006
13054224
13054564
13056538
13058019
13058384
13060854
13064012
13064332
13064435
13068723
13069172
13072860
13073611
13074492
13076571
13076632
13079251
13080666
13081381
13081597
13082316
13086831
13090156
13091985
13092073
13093558
13094111
13096510
13096766
13098283
13099803
13101143
13102227
13103547
13103722
13103826
13104814
13106321
13106803
13106882
13110823
13111136
13111313
13113502
13114979
13115320
13115621
13116117
13120853
13120889
13121795
13124064
13125856
13126112
13127331
13128068
13129829
13129949
13130527
13134614
13135035
13135498
13136450
13136514
13139529
13139999
13140112
13140472
13141906
13144009
13146639
13146753
13149209
13149652
13151439
13152702
13153899
13155790
13157875
13158275
13158599
13161489
13166505
13168996
13169497
13172091
13172129
13173412
13173655
13174083
13175932
13177783
13180746
13188731
13194703
13195719
13198548
13198735
13199515
13201110
13201663
13204095
13206784
13208575
13209481
13211759
13212043
13213316
13217162
13217282
13220325
13221515
13224493
13230959
13233082
13233456
13234280
13237030
13237164
13237222
13238707
13239918
13240879
13242173
13243745
13244300
13249127
13250765
13252597
13257997
13259705
13262583
13264322
13268097
13268789
13268857
13268908
13269407
13270078
13279532
13279618
13280355
13280585
13280811
13281221
13281732
13282637
13290698
13293804
13298674
13299511
13304364
13304613
13306090
13307024
13308009
13309301
13309791
13311326
13313791
13315788
13316149
13316769
13318059
13320107
13322779
13324923
13325040
13325133
13326205
13326621
13334926
13335389
13337537
13338847
13342252
13343307
13344922
13346013
13347903
13348088
13349368
13349965
13350887
13353084
13353597
13355017
13356816
13357473
13358390
13360156
13365390
13370598
13372355
13373259
13377010
13377812
13382461
13386358
13387418
13388890
13391952
13393431
13394035
13396058
13397641
13398521
13401571
13402836
13404367
13404869
13406442
13409441
13409635
13409762
13410449
13410734
13411502
13412556
13413015
13414046
13414170
13414439
13414511
13415039
13417650
13420312
13422781
13427748
13427975
13429221
13430578
13431360
13441982
13442759
13442921
13444256
13445901
13446701
13449973
13450053
13451781
13452552
13454581
13456701
13457517
13459959
13462727
13463701
13465074
13465122
13465126
13469482
13470370
13474309
13474740
13475759
13477365
13482257
13482737
13482775
13483495
13485862
13488057
13490781
13491090
13493697
13494387
13495474
13497094
13497545
13498116
13498345
13498368
13499899
13499954
13501579
13503251
13504437
13504945
13504951
13506248
13507103
13508295
13508318
13508396
13510328
13510887
13511932
13512994
13514221
13514328
13516122
13516303
13516993
13518128
13520985
13521287
13521465
13521932
13522815
13524168
13526288
13527104
13527489
13528258
13529880
13529994
13532083
13533013
13533369
13533479
13533730
13534635
13538038
13538854
13539005
13540713
13541459
13542210
13543769
13545911
13549544
13549842
13554997
13564894
13565069
13566770
13567099
13569378
13569511
13571001
13571065
13571716
13571858
13573766
13576785
13583203
13586235
13587801
13591319
13591422
13591459
13592832
13594173
13595799
13596392
13597435
13597496
13599218
13601407
13601757
13602110
13603500
13609073
13611036
13613011
13613488
13614202
13614608
13614648
13615722
13615970
13616987
13623395
13623859
13624600
13625255
13626142
13626995
13630161
13631614
13632554
13633350
13633525
13634788
13637091
13639892
13646786
13651206
13653202
13653573
13654364
13656866
13657353
13658008
13660148
13663641
13663661
13664138
13664924
13667184
13667353
13667599
13668676
13669846
13671173
13672446
13675914
13676079
13677160
13679982
13683578
13683735
13683923
13684721
13685763
13687005
13687595
13690892
13691389
13691783
13692469
13692950
13693728
13695814
13699635
13700301
13701200
13701217
13703046
13709738
13709809
13711782
13711947
13712310
13713047
13713388
13714328
13716784
13716852
13717251
13717720
13719257
13719377
13719394
13723949
13724805
13725179
13727829
13729124
13733394
13735602
13736101
13737540
13738923
13740763
13741511
13741826
13744488
13745349
13747644
13748230
13750745
13752051
13752116
13752179
13752455
13755097
13756687
13757887
13759077
13759944
13760652
13761804
13764579
13764609
13767842
13772981
13774438
13775890
13778313
13780267
13781021
13784106
13784588
13785761
13786495
13787126
13788166
13788252
13788517
13789388
13790018
13792934
13794019
13795532
13800331
13800622
13801386
13802197
13803654
13803823
13805912
13806728
13807428
13807634
13807963
13809379
13809754
13810292
13811836
13811839
13812234
13813318
13813332
13813373
13815344
13818471
13818597
13819259
13819958
13821160
13822402
13823269
13824202
13824346
13825026
13827932
13828075
13833129
13833176
13834755
13837093
13837364
13838412
13840020
13841426
13842030
13842123
13842548
13843325
13847075
13848605
13848957
13849247
13849772
13851912
13852615
13856599
13856946
13857885
13868269
13868307
13871647
13873277
13873418
13874491
13875297
13879150
13881390
13881558
13882849
13891815
13892191
13892837
13893661
13894184
13898168
13899090
13900922
13901265
13903721
13905698
13906460
13907629
13908897
13909623
13910061
13911132
13914804
13914898
13915055
13915782
13916345
13917132
13919164
13919958
13922187
13922845
13922877
13923583
13926064
13928183
13928797
13932176
13932227
13938087
13939020
13940976
13941411
13942868
13944746
13945205
13949232
13949387
13950707
13953174
13953465
13957497
13957509
13958023
13960031
13960891
13961110
13965080
13965364
13965745
13966147
13967152
13967224
13969162
13969813
13972314
13972565
13974709
13975002
13975611
13976898
13980136
13982118
13982365
13984568
13985803
13986098
13987000
13987687
13988304
13989281
13989573
13996427
13997494
13997662
13999395
14000836
14003562
14003820
14005140
14006269
14007937
14008690
14009637
14011108
14011997
14012385
14013109
14015232
14015900
14017746
14018190
14019706
14020282
14021245
14022514
14025584
14027387
14028020
14031149
14031218
14031419
14031931
14033554
14034874
14035084
14037186
14037393
14037814
14037955
14040950
14042082
14042331
14046967
14047827
14048486
14048596
14050911
14051478
14054181
14055381
14058372
14060044
14060145
14061313
14061766
14063368
14067044
14067405
14072321
14072935
14073346
14074200
14074413
14075377
14075893
14081861
14085504
14086165
14086636
14088605
14092722
14093461
14094776
14097149
14098899
14103183
14105650
14105746
14105866
14108290
14110340
14112582
14113247
14113676
14115793
14117725
14120030
14120891
14123286
14124074
14125392
14128054
14128325
14129265
14129576
14129865
14132440
14132671
14132873
14133381
14134669
14135064
14135202
14136644
14136708
14137112
14140798
14141682
14144079
14145466
14145870
14145888
14146724
14147157
14148499
14150050
14154660
14158512
14158657
14159328
14159966
14160021
14163108
14164950
14165009
14165328
14167080
14168069
14169191
14169894
14174665
14174700
14177187
14180294
14184106
14184349
14185176
14187473
14188284
14189460
14190376
14192177
14192194
14194588
14196582
14199437
14207590
14209003
14210536
14212214
14213271
14213775
14215332
14216870
14218667
14220733
14222502
14224128
14224869
14225693
14226550
14227317
14227435
14228062
14228319
14228978
14232492
14233303
14234429
14237256
14237884
14238584
14239678
14240035
14240090
14240706
14240833
14242165
14242809
14243550
14244631
14245730
14246714
14247000
14248332
14250419
14250606
14252697
14253825
14255386
14256280
14257438
14258415
14259950
14262012
14264424
14271854
14273138
14275185
14276970
14278787
14279555
14280067
14288170
14289198
14289212
14292220
14293552
14294731
14295530
14296851
14297503
14297521
14301799
14304343
14304872
14307228
14307749
14310843
14311057
14311286
14311743
14314484
14314874
14315959
14316253
14318185
14322278
14327049
14327869
14328314
14328606
14329067
14333008
14334014
14337854
14340887
14342266
14343233
14343388
14348242
14348937
14349724
14350012
14350272
14350969
14353168
14356591
14358738
14362921
14363581
14366608
14367167
14369122
14370425
14371372
14375846
14377890
14379214
14383584
14383855
14384793
14391981
14393859
14394229
14397629
14400286
14400775
14400987
14401430
14402140
14402420
14404633
14407780
14409443
14410633
14412571
14416561
14417295
14419678
14420217
14423006
14424949
14425453
14426001
14426159
14426620
14428242
14428612
14428938
14429517
14432443
14434756
14435470
14435850
14436611
14437449
14438642
14439240
14440876
14443441
14444807
14448215
14448471
14448751
14448980
14449117
14449708
14449993
14452996
14453451
14457279
14459520
14461362
14462405
14468113
14471265
14471801
14474403
14477608
14478160
14480462
14480619
14482214
14484430
14484650
14484897
14485384
14487077
14488414
14489058
14490784
14490884
14490968
14494389
14494970
14496313
14496790
14498471
14498718
14501484
14503678
14505053
14506376
14507825
14509565
14512474
14515102
14515633
14516412
14518323
14520294
14520539
14522587
14525064
14526651
14526853
14527622
14527897
14530733
14531210
14532991
14534966
14537461
14537865
14539927
14541453
14543416
14545639
14548578
14549203
14550369
14552225
14556866
14559477
14561662
14563957
14566523
14567233
14571795
14577242
14578354
14578483
14578515
14578882
14582834
14583224
14584264
14585005
14589205
14590374
14591982
14597194
14601615
14602323
14608135
14609577
14611464
14611798
14611831
14612036
14613896
14614137
14614630
14615285
14620232
14623920
14628643
14632948
14634143
14634327
14637202
14640859
14640951
14642297
14642330
14643256
14647794
14649332
14650721
14651980
14657624
14658034
14660546
14660995
14662110
14663955
14664155
14664638
14665059
14666686
14671197
14673990
14674139
14678431
14679019
14679053
14682589
14687183
14688301
14688711
14689731
14690666
14691793
14694845
14695860
14696914
14696965
14699368
14701349
14707684
14709075
14710889
14711778
14712066
14712767
14713037
14714734
14714787
14715067
14715489
14719191
14720711
14721902
14723775
14724316
14725812
14726964
14730308
14732590
14733458
14734472
14738383
14739429
14739918
14740271
14740806
14745686
14745955
14746014
14746675
14748675
14748870
14750565
14751480
14751951
14752950
14754105
14755961
14757251
14757554
14758373
14760243
14761408
14761686
14763711
14764187
14765497
14767304
14769198
14771686
14773514
14773939
14774241
14778084
14778508
14778571
14780499
14782776
14783206
14785026
14785757
14786533
14786801
14788425
14788474
14789914
14790392
14793805
14794045
14794053
14794292
14795267
14799354
14800420
14800581
14801850
14805292
14805335
14808160
14808679
14812547
14813944
14815731
14816796
14818153
14818373
14820205
14821176
14821321
14823381
14824860
14825783
14826792
14827965
14828583
14831782
14832954
14834259
14836931
14838231
14838268
14840430
14843806
14846674
14848827
14851305
14851726
14851922
14852125
14852354
14853287
14854878
14857859
14858234
14858350
14859188
14863801
14865747
14868007
14869886
14870346
14871965
14872202
14873667
14877773
14878975
14879173
14879307
14879975
14881376
14882915
14883022
14884143
14886031
14888198
14888623
14893521
14895295
14895587
14897248
14901144
14901948
14903786
14906658
14908894
14910890
14915908
14915976
14916338
14917891
14918674
14920017
14921465
14922032
14922496
14923254
14925215
14927427
14927541
14930487
14930689
14931751
14932053
14933006
14933781
14934658
14937308
14937894
14942199
14943941
14944237
14949118
14949890
14950926
14951148
14951522
14951838
14953272
14954651
14955540
14955787
14957436
14958682
14959941
14960390
14960867
14961348
14962077
14964708
14965522
14968689
14969341
14969806
14974368
14977483
14977902
14984876
14989075
14993004
14993339
14995429
14995442
14996386
15001362
15004591
15006799
15007348
15012162
15012936
15013757
15019639
15020619
15023725
15024137
15025827
15025938
15026043
15026098
15026432
15028730
15028785
15029001
15031955
15032744
15034795
15035288
15036894
15037302
15037700
15038359
15038691
15038854
15043106
15044654
15048489
15049546
15049615
15049810
15049822
15049958
15051428
15052551
15055862
15057608
15058107
15060114
15063578
15066618
15067246
15067686
15067970
15073437
15074152
15074765
15075994
15076198
15076247
15077336
15078740
15086618
15089165
15095358
15098247
15099825
15102164
15102494
15104397
15105652
15106651
15107751
15108537
15110952
15111950
15112825
15113353
15119504
15119953
15122545
15123746
15123754
15124333
15126893
15127585
15128753
15129635
15130838
15131555
15133648
15137283
15137826
15139791
15140356
15141583
15143544
15145962
15148930
15150864
15152902
15155009
15155307
15157969
15158578
15163112
15165338
15165509
15171701
15173125
15173759
15177789
15178468
15179341
15179926
15182187
15182942
15184011
15184458
15185802
15185991
15186267
15186345
15186952
15188142
15188592
15193826
15194403
15197643
15200841
15202200
15202227
15202590
15202914
15204118
15204426
15207720
15208724
15209564
15213379
15213451
15218096
15219946
15221778
15222984
15224445
15225516
15229310
15229883
15230628
15231558
15234939
15237128
15237676
15237962
15239694
15240126
15240180
15241134
15243113
15244184
15244661
15245141
15245169
15245255
15246438
15247714
15248801
15250509
15251659
15251889
15252602
15253364
15254756
15255923
15256730
15262324
15266464
15267774
15267880
15268704
15268924
15269511
15269557
15270001
15272262
15274755
15275062
15276156
15276831
15282662
15284488
15286597
15286629
15288608
15289108
15290298
15290806
15291389
15292488
15295510
15296601
15298284
15300182
15300994
15301163
15306275
15308983
15310401
15311453
15313110
15313303
15314021
15318393
15319179
15320866
15321672
15322634
15323237
15323445
15323847
15324087
15324181
15326201
15327366
15328640
15328890
15330216
15330939
15333010
15333569
15334365
15335004
15336252
15336532
15336556
15337195
15337293
15337786
15338162
15338464
15338675
15339079
15342121
15342690
15344296
15347836
15348207
15349605
15349743
15350580
15354209
15356042
15357156
15357897
15361173
15361420
15362603
15364237
15365311
15365592
15366823
15366865
15366916
15367324
15370199
15373961
15375046
15375584
15376967
15377667
15378157
15379214
15381992
15382239
15383586
15386191
15386609
15387354
15387835
15389406
15393828
15395124
15395408
15395848
15396358
15397635
15404841
15405285
15405449
15406636
15406641
15406966
15409098
15409623
15413462
15415978
15416255
15418111
15424477
15427928
15429933
15430986
15431705
15432513
15433283
15434893
15438174
15439297
15439649
15439769
15442637
15442706
15444028
15444030
15445169
15446617
15446622
15447111
15448013
15448257
15448916
15449374
15450638
15450868
15454845
15455922
15456150
15457240
15457521
15458656
15459731
15459892
15460126
15461556
15464207
15465100
15465586
15466955
15472636
15480239
15480245
15480690
15483255
15483908
15484183
15485068
15485740
15487735
15487991
15488187
15489208
15491537
15491949
15492608
15495040
15500587
15502123
15503747
15504116
15504384
15507853
15508188
15508278
15508297
15508600
15509588
15510257
15512154
15513609
15514210
15518554
15518851
15519715
15520413
15521196
15524397
15525286
15525563
15525933
15526899
15527687
15528493
15529190
15530756
15531204
15533415
15533724
15533808
15535484
15536212
15537041
15539617
15541519
15542566
15543455
15544952
15546090
15548017
15548588
15549434
15549514
15549611
15550622
15552004
15552906
15558545
15558782
15558832
15559102
15561548
15562034
15562823
15563286
15565226
15566464
15570425
15570443
15577008
15578429
15584746
15587938
15591131
15594017
15596253
15598726
15599289
15603131
15604094
15607769
15610258
15611052
15611289
15614383
15616625
15617699
15618457
15619234
15619239
15620608
15620965
15626549
15626934
15627244
15627358
15628254
15630557
15631599
15632350
15632408
15636416
15637815
15640549
15641249
15643283
15644172
15646068
15647646
15647699
15647728
15647781
15648000
15649334
15649664
15649903
15654057
15655299
15656349
15657222
15660613
15661282
15663639
15664140
15664194
15667666
15669293
15671079
15671566
15675110
15678039
15678760
15682279
15685225
15689195
15690427
15691573
15692711
15693236
15696616
15697365
15700617
15700772
15701381
15703942
15704032
15705702
15707730
15708134
15710017
15710058
15710397
15711688
15712733
15718096
15724991
15725512
15729928
15730263
15731115
15732109
15735796
15735857
15736530
15736740
15738706
15743686
15743744
15745421
15749988
15750881
15752286
15752461
15753881
15754582
15755078
15756890
15758073
15759130
15759291
15760158
15761713
15766415
15767931
15768936
15770032
15770244
15771256
15772868
15775375
15776972
15777215
15777811
15785095
15785269
15789582
15790400
15792113
15794312
15795345
15804755
15809054
15809689
15811422
15812773
15819477
15820362
15820762
15821198
15821556
15825725
15826088
15826135
15827586
15828074
15830907
15832062
15832766
15832872
15833257
15834200
15838827
15838978
15841918
15843586
15843972
15848123
15850076
15852377
15854104
15854186
15854607
15857612
15857797
15858464
15862673
15864627
15866055
15868675
15868713
15870603
15873351
15874109
15877508
15880379
15880478
15880548
15880609
15883147
15883971
15885470
15885987
15886066
15886478
15886632
15888376
15888406
15888671
15888827
15895112
15896214
15904790
15905678
15906875
15911541
15912261
15912560
15914745
15915936
15916124
15918158
15918209
15918672
15919897
15920543
15923550
15924438
15933622
15934542
15935417
15937516
15938510
15941707
15942669
15942943
15944355
15947478
15947945
15948188
15948612
15949988
15951117
15953764
15955090
15957418
15958976
15967275
15975215
15978958
15979438
15981609
15982783
15982867
15984107
15985005
15985284
15988783
15989379
15989673
15989925
15994240
15995160
15995214
15996631
15996736
15996754
15998649
15999732
16000249
16000593
16000816
16001367
16002543
16004589
16004661
16005494
16005924
16006154
16006721
16008109
16008696
16012030
16017436
16017497
16018197
16019590
16023895
16025522
16026232
16029658
16030867
16031792
16031867
16033020
16033625
16034193
16034725
16037177
16038255
16039383
16050007
16052439
16052658
16052796
16054127
16054308
16054406
16055036
16056627
16056834
16057270
16057692
16058402
16058922
16060930
16063455
16064224
16064631
16066538
16067560
16068484
16069451
16071196
16073372
16074092
16074343
16075319
16075653
16076363
16076634
16078411
16079588
16080425
16080724
16081489
16081800
16082212
16082562
16083450
16087532
16088722
16089738
16090080
16091360
16094668
16095292
16097219
16099281
16099360
16100101
16100275
16102119
16106029
16106523
16107037
16109341
16109834
16112954
16113633
16116442
16117270
16119294
16120108
16122422
16122495
16122962
16123321
16123588
16123627
16124667
16127383
16127881
16128439
16130096
16131828
16133454
16134702
16135012
16135447
16139083
16139101
16139643
16139827
16140645
16140778
16141443
16146178
16149554
16150786
16151347
16152078
16154799
16155378
16155419
16155890
16156037
16156125
16159037
16159195
16160503
16163902
16164379
16165532
16166898
16169126
16172266
16176842
16179439
16181012
16181349
16181757
16184382
16189647
16194529
16195692
16196933
16198413
16198450
16200906
16203311
16205260
16208692
16212233
16212568
16217282
16218898
16221646
16223127
16225944
16228702
16230712
16230720
16232874
16232938
16233391
16234308
16234362
16237336
16237418
16239590
16240177
16241858
16242013
16242118
16243456
16243501
16244495
16244653
16246045
16246781
16247520
16249782
16250455
16250804
16252261
16255402
16255739
16258746
16258924
16259722
16261216
16263246
16264224
16264756
16266772
16266957
16267682
16275609
16276007
16277872
16277953
16280098
16281475
16281897
16282093
16282168
16284651
16285361
16286002
16286630
16289135
16289327
16291001
16294414
16294541
16296554
16300884
16302130
16302252
16302928
16303381
16308358
16309758
16312296
16314013
16315597
16315743
16316818
16317284
16317353
16318395
16319964
16321301
16325575
16330313
16330871
16332415
16333074
16333194
16334230
16334926
16335860
16336148
16336399
16338680
16339483
16340212
16341420
16342562
16346617
16346944
16347783
16351138
16353529
16354715
16356243
16357087
16360717
16360737
16361049
16362314
16363316
16363811
16365453
16365810
16365850
16368744
16368924
16369213
16369460
16369635
16370132
16373385
16374925
16380641
16382372
16382951
16383071
16383243
16386464
16386934
16387353
16387888
16388996
16392770
16394334
16401424
16404062
16406806
16412960
16414862
16415835
16418242
16419124
16421014
16421625
16421992
16423728
16424072
16426292
16426417
16428057
16428392
16429313
16429695
16429717
16430283
16432953
16433228
16433642
16433842
16434517
16434712
16438067
16438383
16440273
16440389
16441130
16442382
16442444
16442509
16442688
16444551
16445093
16448255
16453829
16455038
16455285
16455991
16456612
16457474
16458148
16458391
16461175
16461185
16462917
16462948
16463489
16464306
16464551
16465541
16465793
16466608
16467775
16470392
16472989
16475133
16476206
16479362
16480099
16481704
16485258
16489406
16489814
16491431
16492631
16493021
16493530
16494097
16496462
16496494
16496507
16498330
16502943
16506112
16509049
16510634
16511559
16512801
16513998
16515571
16516204
16517783
16518032
16518798
16520571
16521930
16522250
16523191
16523460
16524046
16526783
16527304
16528060
16531274
16532573
16536319
16542415
16545925
16550153
16551050
16554755
16561326
16562627
16568596
16568978
16569405
16569466
16570463
16571683
16572813
16574233
16574274
16574614
16578499
16579237
16579923
16580047
16580056
16580818
16580914
16581659
16581718
16583060
16584311
16584845
16587938
16588311
16591229
16592018
16593569
16595209
16595301
16595891
16596184
16596410
16597539
16598810
16599405
16601219
16601513
16605597
16605813
16605987
16607472
16610183
16613716
16616419
16616874
16620771
16622134
16625594
16625722
16626887
16632122
16632611
16633958
16634795
16635938
16636067
16639170
16645556
16646661
16646753
16651553
16654259
16655017
16655124
16655525
16655591
16656221
16657127
16657504
16659130
16659706
16660321
16660644
16662767
16664090
16667299
16669822
16677696
16679726
16682313
16689935
16690169
16691589
16694185
16694219
16694230
16694648
16696623
16699184
16701107
16703397
16704422
16705742
16706004
16710842
16711662
16713357
16714863
16720218
16723600
16724163
16726068
16726475
16727950
16728482
16728877
16729582
16732129
16733513
16735994
16736836
16737713
16738815
16741180
16741181
16741901
16742073
16743360
16744090
16746187
16748793
16749448
16752730
16752999
16754611
16754738
16755239
16755984
16756433
16758747
16759156
16759420
16761135
16764671
16764752
16766160
16766961
16768124
16769050
16770952
16771348
16772264
16773955
16774689
16775201
16775340
16776040
